301
500
74 32 1 6
5 84 1 10
92 23 4 6
11 88 5 7
65 69 5 10
95 80 5 9
24 10 7 11
58 42 10 15
86 78 12 19
24 73 13 15
29 36 14 19
50 18 16 19
10 44 17 18
68 66 17 18
91 92 18 22
70 39 18 21
5 77 19 25
13 92 20 30
94 10 20 23
21 98 21 22
63 29 21 27
1 60 22 24
43 41 24 25
90 95 25 31
43 21 25 26
87 47 25 27
65 87 27 28
72 44 27 32
67 75 28 30
46 89 28 29
50 28 29 36
55 5 29 31
82 47 29 31
58 86 30 37
15 51 30 39
33 74 32 39
44 13 33 36
33 84 33 42
40 69 34 40
90 84 36 46
10 88 36 41
96 46 37 42
13 40 38 44
36 49 39 44
80 8 39 43
31 55 40 48
2 41 41 51
44 19 48 52
13 78 49 50
24 73 49 58
84 86 50 59
87 21 53 62
58 3 53 56
40 7 53 55
77 25 54 60
53 38 54 63
36 100 55 63
17 91 55 58
68 7 57 64
22 76 58 64
21 93 58 65
66 48 59 65
59 85 60 69
32 30 62 72
83 6 63 70
63 90 63 65
24 71 65 66
43 83 67 77
97 81 67 74
70 73 68 74
16 52 68 69
37 56 71 73
75 78 71 73
55 30 72 78
83 52 72 73
70 38 73 80
2 77 73 81
5 74 73 78
62 98 75 85
96 26 78 88
86 63 78 88
30 61 80 90
19 74 80 82
80 10 82 91
63 25 82 88
75 83 82 91
76 16 83 93
44 47 85 91
33 69 86 92
85 62 87 95
73 87 87 89
67 90 88 98
52 5 89 95
34 95 89 93
77 99 91 100
5 34 91 94
69 85 93 96
18 65 95 96
17 15 95 98
67 97 96 101
74 49 97 102
11 97 97 101
42 92 99 103
67 90 102 112
21 56 102 106
49 52 102 103
82 72 103 107
26 29 104 110
74 55 104 113
10 31 105 113
39 92 106 114
40 54 106 113
49 68 106 114
55 78 107 116
91 98 108 117
57 74 108 110
90 63 108 114
37 30 109 117
89 40 110 117
86 42 111 119
68 21 115 116
61 48 117 124
82 83 120 121
7 90 121 128
85 4 121 122
61 63 121 122
33 93 125 134
44 64 125 130
24 12 126 136
41 93 127 131
44 71 127 133
20 50 129 135
13 77 129 130
46 87 130 134
57 4 132 142
65 99 133 142
9 79 133 139
39 24 134 142
6 12 134 140
94 18 135 140
44 28 136 137
15 91 136 144
17 2 136 143
40 45 137 147
37 13 138 140
75 34 138 148
41 2 140 143
84 36 141 150
29 34 143 152
38 35 144 146
78 72 146 152
23 64 146 151
60 41 146 148
69 83 147 156
49 67 148 151
91 28 148 152
59 72 149 156
7 6 149 154
2 35 149 154
71 56 150 159
8 100 150 158
31 76 151 154
4 40 153 162
95 89 153 154
65 74 154 156
49 59 155 158
81 88 156 160
65 14 157 159
14 53 157 162
71 79 159 167
67 5 159 168
17 50 159 164
78 38 161 171
38 60 162 170
33 56 162 171
6 27 164 172
38 67 165 169
15 56 166 172
91 47 166 171
83 36 167 169
94 37 168 175
47 39 168 169
57 4 168 171
15 100 169 170
42 26 169 179
75 25 170 174
45 64 170 175
50 77 171 176
98 35 172 174
48 27 172 180
44 45 173 176
93 62 175 185
70 76 175 178
40 97 176 181
82 72 176 181
69 14 176 183
67 31 178 181
7 10 179 185
91 60 180 190
85 47 181 191
60 4 183 188
7 92 187 194
94 97 187 194
84 51 190 193
58 36 190 192
13 68 191 197
70 66 194 200
4 74 194 200
92 17 194 203
50 16 195 202
19 44 196 200
89 98 196 200
12 92 198 208
75 64 200 208
26 8 201 205
71 22 202 205
28 59 202 206
37 76 203 209
22 77 205 213
100 20 207 214
42 12 209 218
13 10 209 216
36 64 210 211
31 15 211 220
37 84 212 218
33 89 213 221
40 6 213 218
71 41 214 217
69 92 217 227
29 86 218 224
38 21 218 221
25 98 224 232
55 4 224 227
95 63 224 233
66 55 225 227
1 3 225 234
15 30 226 233
95 27 227 230
64 29 229 230
49 80 229 232
52 100 230 239
4 43 231 241
81 17 231 237
91 99 232 236
59 31 233 234
54 52 234 236
63 45 234 236
50 86 235 237
56 73 236 238
90 59 236 245
53 30 239 248
41 61 241 243
47 28 241 247
45 23 242 247
37 74 243 252
55 34 244 250
57 52 246 256
92 35 246 254
32 23 247 248
80 3 251 252
77 81 252 261
70 89 252 253
30 86 253 258
3 11 253 259
28 75 254 262
61 100 254 262
43 56 255 259
94 66 255 258
29 73 256 263
85 27 257 258
99 24 258 259
2 88 258 259
89 98 259 269
53 76 260 267
51 79 261 266
56 94 261 269
31 7 261 270
32 90 261 264
66 22 262 268
28 65 264 266
41 14 265 270
90 11 265 269
89 64 266 267
21 89 269 274
22 65 270 273
4 55 270 277
23 17 271 281
55 87 271 281
26 25 272 278
19 3 273 276
21 60 273 277
89 83 275 282
42 75 275 280
1 67 275 282
23 55 276 281
53 51 277 284
17 27 278 285
87 3 279 289
38 2 279 288
2 50 279 286
68 3 280 289
