50
200
74 32 1 6
5 84 1 10
92 23 4 6
11 88 5 7
65 69 5 10
95 80 5 9
24 10 7 11
58 42 10 15
86 78 12 19
24 73 13 15
29 36 14 19
50 18 16 19
10 44 17 18
68 66 17 18
91 92 18 22
70 39 18 21
5 77 19 25
13 92 20 30
94 10 20 23
21 98 21 22
63 29 21 27
1 60 22 24
43 41 24 25
90 95 25 31
43 21 25 26
87 47 25 27
65 87 27 28
72 44 27 32
67 75 28 30
46 89 28 29
50 28 29 36
55 5 29 31
82 47 29 31
58 86 30 37
15 51 30 39
33 74 32 39
44 13 33 36
33 84 33 42
40 69 34 40
90 84 36 46
10 88 36 41
96 46 37 42
13 40 38 44
36 49 39 44
80 8 39 43
31 55 40 48
2 41 41 51
44 19 48 52
13 78 49 50
24 73 49 58
