5000
1388
759 784 48 126
704 729 193 266
910 935 252 346
782 807 360 441
84 109 212 223
352 377 243 281
879 904 88 178
145 170 473 490
675 700 397 467
389 414 194 235
561 586 40 99
162 187 175 194
675 700 338 408
752 777 26 104
920 945 73 168
852 877 405 493
190 215 465 487
830 855 198 284
922 947 432 527
523 548 339 394
174 199 473 493
252 277 244 272
872 897 148 238
222 247 399 424
498 523 289 341
340 365 186 223
714 739 33 107
618 643 203 267
319 344 152 186
750 775 460 538
957 982 184 282
103 128 291 304
203 228 129 152
128 153 390 405
625 650 489 554
831 856 274 360
410 435 389 433
692 717 43 115
517 542 32 86
963 988 258 357
396 421 488 530
132 157 292 308
945 970 120 217
854 879 431 519
157 182 92 110
971 996 399 499
686 711 54 125
708 733 427 500
159 184 204 222
399 424 263 305
122 147 128 143
206 231 461 484
943 968 181 278
921 946 144 239
735 760 228 304
866 891 208 297
448 473 342 389
635 660 306 372
656 681 170 238
750 775 449 527
170 195 198 218
681 706 257 328
956 981 179 277
367 392 419 458
891 916 350 442
462 487 99 148
629 654 462 527
443 468 488 535
276 301 384 414
587 612 395 456
445 470 44 91
458 483 24 72
774 799 131 211
452 477 99 147
649 674 420 487
809 834 124 207
669 694 431 500
814 839 149 233
284 309 51 82
486 511 271 322
116 141 59 73
780 805 37 118
853 878 87 175
118 143 361 375
86 111 259 270
382 407 81 122
107 132 183 196
203 228 295 318
350 375 175 213
629 654 372 437
259 284 445 473
563 588 78 137
361 386 281 320
712 737 259 333
590 615 95 157
301 326 364 397
344 369 369 406
371 396 329 369
94 119 96 108
915 940 411 505
525 550 249 304
255 280 324 352
904 929 271 364
939 964 261 357
824 849 140 225
673 698 462 532
964 989 110 209
918 943 185 279
603 628 153 216
224 249 111 136
100 125 465 478
964 989 375 474
192 217 446 468
670 695 162 232
947 972 417 514
303 328 252 285
196 221 327 349
544 569 288 345
600 625 328 391
771 796 153 233
666 691 42 111
349 374 41 78
513 538 208 262
854 879 167 255
186 211 350 371
204 229 224 247
961 986 301 400
291 316 382 414
99 124 68 80
846 871 235 322
791 816 487 569
366 391 215 254
776 801 198 278
802 827 44 127
107 132 12 25
691 716 213 285
213 238 183 207
496 521 126 178
743 768 112 189
563 588 259 318
614 639 468 532
292 317 152 184
896 921 308 400
249 274 149 176
616 641 68 132
622 647 296 361
468 493 74 123
372 397 408 448
974 999 303 403
805 830 435 518
951 976 260 358
874 899 266 356
469 494 28 77
504 529 200 253
498 523 62 114
416 441 354 398
119 144 291 305
163 188 34 53
720 745 233 308
842 867 37 124
843 868 460 547
365 390 198 237
969 994 438 537
329 354 81 116
521 546 137 192
264 289 130 159
284 309 369 400
366 391 377 416
422 447 169 214
959 984 293 391
251 276 26 54
398 423 360 402
583 608 292 353
189 214 287 308
104 129 242 255
364 389 147 186
348 373 222 259
415 440 3 47
144 169 358 375
631 656 374 440
840 865 323 410
698 723 92 164
416 441 424 468
626 651 460 525
737 762 415 491
732 757 199 275
349 374 349 386
118 143 84 98
508 533 298 351
168 193 175 194
480 505 202 253
932 957 499 595
555 580 476 534
404 429 29 72
284 309 106 137
971 996 471 571
650 675 17 85
181 206 165 186
681 706 25 96
703 728 192 265
270 295 308 338
211 236 441 465
934 959 94 190
966 991 239 338
162 187 161 180
222 247 73 98
530 555 88 144
88 113 315 326
668 693 121 190
959 984 440 538
907 932 204 297
807 832 421 504
356 381 289 327
501 526 271 324
545 570 285 342
351 376 467 505
399 424 23 65
302 327 379 412
670 695 136 206
648 673 142 209
592 617 257 319
211 236 208 232
538 563 438 494
214 239 5 29
498 523 349 401
357 382 75 113
895 920 495 587
508 533 220 273
894 919 228 320
948 973 275 372
448 473 291 338
638 663 159 225
512 537 315 369
898 923 275 367
930 955 450 546
401 426 491 534
128 153 305 320
169 194 60 79
411 436 155 199
711 736 164 238
645 670 434 501
181 206 202 223
375 400 270 310
964 989 327 426
625 650 168 233
723 748 14 89
795 820 23 105
579 604 336 396
851 876 228 316
849 874 210 297
530 555 469 525
548 573 451 508
647 672 401 468
131 156 371 387
824 849 152 237
355 380 5 43
687 712 493 564
380 405 344 385
617 642 55 119
228 253 277 302
428 453 358 403
772 797 408 488
486 511 30 81
446 471 310 357
706 731 436 509
929 954 8 103
692 717 498 570
212 237 183 207
971 996 340 440
451 476 421 469
796 821 149 231
960 985 497 596
334 359 127 163
885 910 66 157
607 632 293 356
399 424 465 507
187 212 432 453
725 750 238 313
435 460 479 525
934 959 44 140
138 163 416 432
529 554 266 321
519 544 92 146
698 723 420 492
414 439 333 377
349 374 370 407
917 942 227 321
300 325 428 461
718 743 397 471
303 328 315 348
972 997 370 470
203 228 296 319
99 124 187 199
367 392 356 395
912 937 135 229
78 103 227 237
964 989 169 268
519 544 418 472
359 384 325 363
101 126 225 238
323 348 366 401
276 301 438 468
272 297 418 448
722 747 126 201
681 706 73 144
321 346 341 376
210 235 196 220
288 313 476 507
695 720 324 396
177 202 341 361
402 427 84 127
298 323 257 289
720 745 348 423
182 207 415 436
594 619 150 212
551 576 393 451
758 783 47 125
75 100 361 371
766 791 39 118
164 189 75 94
574 599 227 287
710 735 344 418
171 196 340 360
357 382 207 245
107 132 116 129
529 554 354 409
503 528 316 369
900 925 179 272
248 273 234 261
207 232 442 465
168 193 348 367
476 501 420 470
781 806 405 486
260 285 464 493
450 475 165 213
948 973 191 288
591 616 498 560
573 598 206 266
489 514 366 417
930 955 227 323
494 519 74 126
293 318 440 472
613 638 375 439
97 122 461 473
794 819 355 437
677 702 52 122
889 914 209 300
648 673 445 512
890 915 105 197
715 740 395 469
402 427 95 138
593 618 174 236
320 345 415 450
602 627 170 233
241 266 310 337
669 694 392 461
295 320 322 354
756 781 323 401
189 214 349 370
409 434 230 273
294 319 247 279
175 200 416 436
296 321 179 211
583 608 175 236
680 705 115 186
748 773 269 346
811 836 234 318
923 948 67 162
531 556 500 556
200 225 139 162
699 724 219 291
230 255 185 211
195 220 322 344
523 548 198 253
931 956 291 387
78 103 189 199
313 338 166 200
246 271 212 239
931 956 71 167
735 760 391 467
871 896 116 206
909 934 93 186
689 714 358 429
454 479 198 246
184 209 330 351
175 200 183 203
920 945 406 501
582 607 160 221
668 693 36 105
312 337 244 278
325 350 393 428
841 866 282 369
96 121 430 442
304 329 471 504
475 500 154 204
194 219 166 188
970 995 386 486
464 489 199 248
471 496 347 397
661 686 439 508
153 178 319 337
659 684 200 268
888 913 134 225
634 659 188 254
245 270 452 479
213 238 243 267
388 413 476 517
420 445 388 433
200 225 207 230
925 950 198 293
773 798 389 469
92 117 198 210
522 547 351 406
739 764 132 208
400 425 425 468
239 264 59 85
252 277 440 468
739 764 162 238
940 965 463 560
828 853 136 221
822 847 47 132
571 596 128 188
412 437 158 202
599 624 119 181
889 914 375 466
363 388 291 330
190 215 88 110
711 736 410 484
249 274 499 526
950 975 53 151
697 722 65 137
407 432 375 418
660 685 147 216
847 872 264 351
718 743 49 123
151 176 294 312
191 216 494 516
635 660 110 176
254 279 50 78
146 171 347 364
508 533 495 548
360 385 4 43
149 174 85 102
565 590 322 381
962 987 21 120
283 308 43 74
573 598 29 89
485 510 344 395
255 280 305 333
689 714 266 337
333 358 373 409
951 976 234 332
932 957 381 477
960 985 101 200
165 190 69 88
692 717 11 83
87 112 105 116
300 325 422 455
242 267 417 444
453 478 290 338
174 199 218 238
381 406 345 386
285 310 277 308
809 834 157 240
659 684 275 343
484 509 409 460
626 651 235 300
710 735 285 359
739 764 147 223
782 807 173 254
798 823 302 384
897 922 1 93
213 238 196 220
806 831 356 439
516 541 455 509
237 262 51 77
317 342 359 393
95 120 172 184
705 730 129 202
559 584 366 424
180 205 195 216
300 325 141 174
858 883 119 207
620 645 152 217
113 138 258 272
341 366 7 44
968 993 263 362
689 714 423 494
406 431 371 414
416 441 383 427
445 470 179 226
894 919 259 351
407 432 158 201
596 621 116 178
464 489 117 166
256 281 236 264
268 293 300 329
666 691 63 132
407 432 48 91
663 688 150 219
195 220 275 297
420 445 14 59
297 322 93 125
311 336 106 140
288 313 7 38
687 712 49 120
627 652 411 476
233 258 390 416
218 243 448 472
560 585 38 97
646 671 114 181
170 195 353 373
571 596 209 269
363 388 63 102
469 494 397 446
680 705 321 392
488 513 347 398
225 250 404 429
464 489 293 342
670 695 128 198
559 584 262 320
423 448 461 506
229 254 242 267
158 183 397 415
210 235 181 205
667 692 414 483
75 100 216 226
794 819 331 413
839 864 132 218
648 673 324 391
219 244 369 393
532 557 85 141
191 216 230 252
842 867 313 400
393 418 441 483
635 660 146 212
960 985 442 541
596 621 493 555
265 290 80 109
817 842 207 291
492 517 389 441
303 328 328 361
393 418 280 322
934 959 367 463
82 107 279 290
941 966 159 256
833 858 81 167
230 255 48 74
570 595 115 175
598 623 472 534
921 946 488 583
873 898 91 181
365 390 55 94
924 949 164 259
146 171 366 383
902 927 113 206
496 521 69 121
512 537 14 68
176 201 276 296
950 975 265 363
939 964 210 306
272 297 381 411
175 200 386 406
840 865 158 245
305 330 425 458
737 762 31 107
330 355 20 56
847 872 149 236
949 974 75 172
198 223 452 474
289 314 317 348
816 841 251 335
680 705 170 241
627 652 189 254
284 309 180 211
371 396 60 100
565 590 479 538
616 641 226 290
681 706 239 310
752 777 383 461
291 316 273 305
942 967 168 265
744 769 66 143
866 891 201 290
459 484 88 136
880 905 368 459
522 547 411 466
804 829 346 429
209 234 217 240
578 603 464 524
176 201 298 318
955 980 44 142
185 210 454 475
449 474 404 451
826 851 279 364
440 465 396 443
598 623 418 480
194 219 283 305
635 660 200 266
314 339 183 217
683 708 357 428
925 950 88 183
480 505 3 54
339 364 267 303
336 361 295 331
687 712 450 521
704 729 60 133
751 776 390 468
336 361 39 75
750 775 89 167
794 819 341 423
445 470 266 313
207 232 434 457
99 124 95 107
461 486 340 389
974 999 78 178
342 367 398 435
559 584 82 140
229 254 455 480
762 787 99 178
608 633 405 468
757 782 379 457
516 541 146 200
688 713 474 545
319 344 470 504
258 283 101 129
271 296 112 142
301 326 268 301
172 197 239 259
478 503 369 419
86 111 482 493
612 637 98 162
426 451 302 347
849 874 90 177
931 956 494 590
625 650 52 117
91 116 408 420
805 830 260 343
933 958 431 527
709 734 414 487
845 870 134 221
452 477 456 504
858 883 335 423
494 519 181 233
434 459 375 421
338 363 180 216
433 458 250 296
770 795 114 194
470 495 452 502
792 817 379 461
386 411 89 130
582 607 253 314
579 604 325 385
192 217 372 394
545 570 186 243
424 449 103 148
793 818 83 165
311 336 4 38
240 265 392 419
872 897 79 169
854 879 458 546
598 623 273 335
135 160 124 140
178 203 192 212
774 799 130 210
768 793 285 364
523 548 342 397
803 828 74 157
470 495 477 527
448 473 436 483
924 949 440 535
90 115 132 144
181 206 473 494
288 313 285 316
901 926 214 307
665 690 368 437
908 933 333 426
342 367 282 319
434 459 268 314
933 958 238 334
493 518 386 438
731 756 258 334
603 628 34 97
108 133 173 186
561 586 297 356
403 428 206 249
181 206 84 105
829 854 417 502
399 424 416 458
737 762 65 141
816 841 288 372
154 179 84 102
858 883 308 396
580 605 397 458
760 785 11 90
575 600 106 166
923 948 71 166
96 121 223 235
782 807 337 418
395 420 130 172
893 918 353 445
438 463 467 513
413 438 186 230
481 506 272 323
615 640 328 392
358 383 217 255
388 413 315 356
291 316 461 493
344 369 403 440
153 178 463 481
863 888 72 161
770 795 301 381
310 335 246 280
166 191 45 64
858 883 88 176
664 689 414 483
682 707 111 182
797 822 133 215
615 640 194 258
124 149 434 449
418 443 58 102
795 820 42 124
549 574 241 298
269 294 432 461
348 373 21 58
753 778 321 399
721 746 237 312
737 762 80 156
149 174 163 180
755 780 167 245
736 761 291 367
448 473 161 208
501 526 384 437
375 400 100 140
884 909 250 341
946 971 412 509
838 863 305 391
458 483 139 187
399 424 274 316
846 871 102 189
681 706 472 543
360 385 103 142
710 735 159 233
278 303 451 481
552 577 317 375
722 747 180 255
319 344 74 108
546 571 449 506
476 501 169 219
318 343 22 56
681 706 411 482
218 243 241 265
860 885 267 356
732 757 132 208
660 685 286 355
270 295 456 486
539 564 227 283
719 744 446 520
933 958 101 197
209 234 33 56
156 181 120 138
449 474 246 293
368 393 120 159
358 383 52 90
665 690 444 513
673 698 96 166
83 108 313 324
872 897 157 247
493 518 187 239
970 995 383 483
551 576 112 170
731 756 457 533
646 671 248 315
82 107 397 408
363 388 213 252
822 847 76 161
296 321 41 73
75 100 213 223
184 209 93 114
280 305 166 197
506 531 62 115
178 203 435 455
655 680 495 563
772 797 376 456
207 232 106 129
623 648 337 402
541 566 166 223
809 834 374 457
569 594 292 351
715 740 50 124
260 285 266 295
125 150 226 241
251 276 498 526
599 624 199 261
711 736 500 574
174 199 359 379
111 136 287 301
701 726 148 221
497 522 429 481
110 135 271 285
104 129 436 449
135 160 338 354
910 935 286 380
230 255 132 158
108 133 246 259
510 535 375 429
486 511 229 280
131 156 278 294
754 779 235 313
405 430 30 73
316 341 414 448
645 670 281 348
189 214 273 294
523 548 357 412
710 735 14 88
844 869 252 339
333 358 323 359
222 247 251 276
535 560 159 215
626 651 470 535
664 689 434 503
357 382 372 410
215 240 242 266
332 357 421 457
853 878 363 451
363 388 285 324
773 798 195 275
807 832 66 149
280 305 340 371
634 659 82 148
495 520 200 252
384 409 199 240
724 749 16 91
861 886 158 247
768 793 445 524
629 654 467 532
717 742 286 360
476 501 36 86
963 988 276 375
610 635 141 205
430 455 366 412
771 796 195 275
863 888 132 221
156 181 429 447
113 138 43 57
624 649 363 428
627 652 368 433
870 895 133 223
510 535 407 461
752 777 292 370
617 642 264 328
675 700 240 310
469 494 148 197
920 945 488 583
899 924 486 578
530 555 61 117
99 124 161 173
439 464 296 342
959 984 105 203
457 482 368 416
191 216 485 507
91 116 437 449
293 318 489 521
283 308 303 334
299 324 95 127
927 952 280 375
730 755 173 249
670 695 120 190
642 667 355 422
486 511 302 353
412 437 216 260
486 511 78 129
507 532 472 525
937 962 390 486
452 477 232 280
812 837 370 454
871 896 245 335
140 165 69 86
800 825 457 540
839 864 371 457
449 474 484 531
635 660 100 166
656 681 450 518
686 711 72 143
588 613 130 191
274 299 154 184
175 200 78 98
695 720 179 251
486 511 97 148
630 655 276 342
429 454 302 347
175 200 337 357
187 212 235 256
964 989 428 527
526 551 9 64
286 311 431 462
651 676 373 441
171 196 483 503
950 975 390 488
416 441 281 325
77 102 456 466
183 208 204 225
318 343 285 319
449 474 352 399
140 165 465 482
445 470 211 258
473 498 22 72
186 211 368 389
272 297 290 320
693 718 131 203
614 639 233 297
450 475 148 196
914 939 493 587
872 897 420 510
812 837 305 389
923 948 185 280
394 419 473 515
517 542 390 444
894 919 251 343
648 673 107 174
542 567 274 331
120 145 481 496
649 674 23 90
300 325 103 136
724 749 262 337
407 432 62 105
245 270 248 275
475 500 316 366
348 373 197 234
391 416 154 196
217 242 366 390
904 929 182 275
156 181 30 48
273 298 29 59
789 814 134 215
559 584 485 543
415 440 440 484
573 598 179 239
673 698 182 252
853 878 44 132
489 514 316 367
217 242 500 524
507 532 121 174
456 481 57 105
524 549 361 416
218 243 120 144
383 408 289 330
162 187 463 482
616 641 52 116
548 573 438 495
847 872 193 280
966 991 155 254
543 568 390 447
453 478 345 393
348 373 453 490
387 412 161 202
316 341 338 372
659 684 74 142
815 840 416 500
425 450 330 375
439 464 177 223
814 839 417 501
345 370 62 99
418 443 417 461
387 412 413 454
246 271 98 125
253 278 303 331
183 208 329 350
496 521 121 173
77 102 274 284
218 243 196 220
416 441 497 541
829 854 94 179
944 969 121 218
737 762 211 287
594 619 312 374
252 277 27 55
835 860 133 219
184 209 90 111
101 126 189 202
318 343 112 146
670 695 79 149
733 758 122 198
683 708 348 419
879 904 359 449
479 504 384 434
567 592 388 447
733 758 206 282
126 151 50 65
618 643 482 546
733 758 269 345
698 723 476 548
306 331 355 388
914 939 95 189
888 913 209 300
140 165 89 106
347 372 302 339
458 483 220 268
240 265 435 462
483 508 433 484
279 304 5 35
249 274 41 68
316 341 395 429
486 511 335 386
945 970 398 495
591 616 215 277
346 371 30 67
245 270 154 181
278 303 480 510
294 319 23 55
185 210 300 321
543 568 184 241
840 865 131 218
740 765 126 203
195 220 129 151
426 451 185 230
185 210 199 220
673 698 191 261
842 867 47 134
838 863 90 176
792 817 141 223
393 418 294 336
234 259 376 402
390 415 340 382
883 908 361 452
452 477 90 138
872 897 285 375
127 152 299 314
725 750 213 288
348 373 129 166
754 779 39 117
557 582 194 252
635 660 215 281
120 145 123 138
764 789 23 102
306 331 349 382
396 421 342 384
909 934 33 126
509 534 327 380
689 714 420 491
559 584 152 210
197 222 83 105
177 202 90 110
825 850 80 165
188 213 156 177
928 953 2 97
340 365 116 153
924 949 396 491
139 164 248 264
910 935 190 284
129 154 293 308
543 568 127 184
94 119 496 508
784 809 213 294
712 737 191 265
271 296 170 200
283 308 145 176
260 285 134 163
171 196 279 299
206 231 393 416
905 930 349 442
244 269 331 358
177 202 93 113
170 195 109 129
166 191 306 325
658 683 424 492
945 970 376 473
133 158 6 22
148 173 345 362
215 240 233 257
300 325 316 349
793 818 494 576
602 627 5 68
767 792 67 146
914 939 366 460
403 428 262 305
626 651 336 401
922 947 298 393
737 762 474 550
292 317 404 436
905 930 286 379
852 877 396 484
968 993 100 199
613 638 360 424
330 355 211 247
659 684 256 324
716 741 356 430
701 726 242 315
761 786 312 391
597 622 203 265
355 380 352 390
118 143 476 490
728 753 463 538
130 155 6 22
482 507 43 94
690 715 50 122
432 457 359 405
662 687 374 443
502 527 153 206
412 437 22 66
221 246 64 89
420 445 30 75
368 393 434 473
243 268 498 525
437 462 224 270
178 203 268 288
387 412 448 489
217 242 289 313
268 293 122 151
448 473 322 369
111 136 251 265
100 125 461 474
147 172 51 68
599 624 409 471
222 247 196 221
469 494 8 57
167 192 15 34
531 556 47 103
302 327 36 69
284 309 152 183
136 161 118 134
256 281 13 41
504 529 8 61
581 606 432 493
185 210 168 189
937 962 148 244
309 334 366 399
652 677 428 496
669 694 463 532
164 189 102 121
451 476 185 233
659 684 179 247
109 134 475 488
598 623 109 171
214 239 361 385
495 520 383 435
252 277 461 489
298 323 459 491
891 916 75 167
214 239 94 118
621 646 203 268
535 560 242 298
370 395 369 409
597 622 259 321
452 477 496 544
150 175 431 449
126 151 426 441
166 191 132 151
347 372 320 357
907 932 270 363
881 906 261 352
590 615 404 466
668 693 145 214
457 482 328 376
739 764 268 344
225 250 61 86
294 319 131 163
147 172 218 235
369 394 53 92
812 837 345 429
394 419 406 448
591 616 416 478
830 855 204 290
752 777 264 342
737 762 125 201
373 398 188 228
810 835 311 395
958 983 436 534
669 694 280 349
158 183 282 300
900 925 198 291
420 445 302 347
442 467 89 136
390 415 429 471
229 254 121 146
704 729 428 501
708 733 417 490
873 898 143 233
402 427 97 140
776 801 2 82
577 602 432 492
455 480 366 414
193 218 172 194
549 574 16 73
911 936 203 297
160 185 168 187
181 206 492 513
681 706 471 542
331 356 82 118
261 286 13 42
294 319 300 332
456 481 432 480
865 890 288 377
447 472 35 82
885 910 325 416
965 990 319 418
879 904 340 430
247 272 210 237
315 340 368 402
273 298 263 293
507 532 394 447
615 640 78 142
771 796 394 474
544 569 323 380
596 621 111 173
239 264 285 311
575 600 65 125
967 992 142 241
310 335 3 37
496 521 456 508
162 187 223 242
590 615 112 174
923 948 244 339
669 694 307 376
565 590 467 526
103 128 292 305
384 409 283 324
444 469 360 407
629 654 303 368
272 297 29 59
202 227 172 195
158 183 63 81
917 942 203 297
724 749 220 295
814 839 332 416
939 964 167 263
106 131 244 257
457 482 348 396
900 925 22 115
812 837 318 402
567 592 298 357
446 471 364 411
430 455 170 216
325 350 152 187
328 353 233 268
895 920 280 372
197 222 329 351
628 653 238 303
903 928 304 397
730 755 37 113
681 706 486 557
885 910 255 346
587 612 468 529
808 833 68 151
362 387 286 325
91 116 452 464
357 382 263 301
308 333 486 519
342 367 338 375
898 923 382 474
374 399 324 364
607 632 476 539
586 611 120 181
551 576 271 329
345 370 81 118
558 583 448 506
448 473 231 278
118 143 156 170
433 458 216 262
610 635 291 355
363 388 322 361
353 378 278 316
516 541 69 123
888 913 489 580
867 892 343 432
348 373 437 474
549 574 137 194
848 873 226 313
417 442 251 295
669 694 267 336
649 674 30 97
214 239 159 183
402 427 59 102
117 142 470 484
402 427 154 197
567 592 311 370
193 218 340 362
100 125 174 187
452 477 491 539
206 231 373 396
926 951 250 345
624 649 162 227
519 544 365 419
804 829 8 91
240 265 85 112
429 454 273 318
760 785 489 568
242 267 34 61
940 965 322 419
276 301 88 118
399 424 281 323
81 106 354 365
445 470 256 303
647 672 217 284
136 161 188 204
578 603 122 182
533 558 286 342
314 339 29 63
227 252 388 413
541 566 150 207
337 362 85 121
352 377 120 158
358 383 411 449
523 548 367 422
462 487 310 359
880 905 8 99
451 476 337 385
534 559 140 196
461 486 311 360
592 617 274 336
837 862 382 468
665 690 390 459
921 946 82 177
308 333 111 144
695 720 31 103
941 966 260 357
203 228 350 373
375 400 173 213
311 336 384 418
702 727 446 519
329 354 1 36
860 885 414 503
678 703 419 489
303 328 188 221
96 121 64 76
809 834 102 185
732 757 39 115
794 819 386 468
218 243 490 514
801 826 238 321
604 629 237 300
481 506 462 513
701 726 176 249
781 806 268 349
573 598 297 357
122 147 261 276
572 597 255 315
721 746 375 450
503 528 329 382
467 492 201 250
567 592 230 289
93 118 3 15
272 297 222 252
580 605 230 291
687 712 363 434
232 257 156 182
732 757 443 519
470 495 306 356
403 428 345 388
590 615 113 175
86 111 314 325
509 534 144 197
206 231 375 398
585 610 470 531
232 257 438 464
142 167 57 74
278 303 376 406
154 179 302 320
677 702 80 150
300 325 12 45
578 603 134 194
261 286 69 98
390 415 33 75
880 905 172 263
712 737 317 391
632 657 286 352
325 350 156 191
818 843 284 368
104 129 127 140
147 172 76 93
172 197 207 227
625 650 268 333
533 558 247 303
932 957 33 129
765 790 41 120
273 298 287 317
737 762 124 200
662 687 292 361
543 568 453 510
650 675 261 329
764 789 373 452
232 257 192 218
904 929 92 185
698 723 212 284
435 460 91 137
613 638 74 138
298 323 351 383
860 885 200 289
899 924 500 592
878 903 202 292
807 832 304 387
123 148 376 391
704 729 68 141
710 735 200 274
393 418 457 499
368 393 6 45
684 709 56 127
551 576 431 489
113 138 50 64
339 364 123 159
268 293 323 352
137 162 17 33
264 289 195 224
342 367 416 453
469 494 21 70
175 200 271 291
707 732 53 126
530 555 158 214
345 370 115 152
825 850 464 549
894 919 33 125
482 507 250 301
934 959 263 359
788 813 121 202
140 165 76 93
930 955 199 295
883 908 189 280
111 136 397 411
137 162 454 470
905 930 443 536
663 688 19 88
459 484 2 50
799 824 206 288
677 702 113 183
182 207 150 171
665 690 270 339
142 167 362 379
476 501 262 312
101 126 192 205
486 511 492 543
824 849 426 511
600 625 302 365
507 532 57 110
133 158 18 34
289 314 352 383
295 320 206 238
466 491 283 332
348 373 197 234
630 655 432 498
809 834 126 209
423 448 329 374
773 798 284 364
81 106 392 403
768 793 376 455
579 604 27 87
710 735 204 278
880 905 94 185
508 533 21 74
552 577 376 434
515 540 446 500
514 539 221 275
226 251 186 211
724 749 129 204
689 714 404 475
530 555 51 107
625 650 452 517
839 864 415 501
624 649 441 506
969 994 490 589
720 745 60 135
549 574 446 503
874 899 455 545
420 445 204 249
732 757 32 108
746 771 85 162
165 190 40 59
832 857 179 265
661 686 295 364
655 680 380 448
626 651 128 193
282 307 14 45
238 263 487 513
966 991 396 495
434 459 332 378
897 922 421 513
157 182 204 222
766 791 163 242
155 180 29 47
468 493 358 407
83 108 146 157
827 852 237 322
295 320 154 186
425 450 124 169
176 201 188 208
454 479 479 527
134 159 187 203
349 374 13 50
972 997 284 384
597 622 452 514
859 884 284 372
711 736 263 337
587 612 8 69
740 765 68 145
902 927 249 342
447 472 421 468
503 528 214 267
700 725 247 320
586 611 201 262
698 723 167 239
751 776 69 147
166 191 270 289
728 753 426 501
403 428 135 178
425 450 141 186
685 710 388 459
307 332 17 50
336 361 41 77
514 539 414 468
768 793 279 358
432 457 24 70
326 351 379 414
822 847 188 273
109 134 455 468
465 490 345 394
663 688 18 87
682 707 49 120
880 905 1 92
533 558 114 170
951 976 5 103
682 707 445 516
714 739 11 85
872 897 354 444
948 973 241 338
600 625 276 339
116 141 205 219
503 528 52 105
182 207 145 166
579 604 243 303
601 626 165 228
189 214 133 154
378 403 385 425
892 917 422 514
329 354 460 495
887 912 70 161
435 460 495 541
859 884 273 361
853 878 6 94
654 679 167 235
349 374 95 132
539 564 288 344
501 526 48 101
352 377 482 520
130 155 331 347
183 208 32 53
670 695 67 137
222 247 160 185
957 982 276 374
882 907 424 515
648 673 98 165
319 344 237 271
513 538 223 277
197 222 488 510
265 290 205 234
155 180 135 153
527 552 302 357
581 606 159 220
663 688 380 449
768 793 418 497
677 702 403 473
209 234 121 144
205 230 155 178
313 338 282 316
600 625 448 511
806 831 63 146
132 157 294 310
480 505 108 159
579 604 326 386
892 917 26 118
343 368 53 90
913 938 432 526
840 865 74 161
659 684 475 543
219 244 352 376
937 962 255 351
304 329 295 328
251 276 189 217
593 618 497 559
706 731 2 75
442 467 192 239
268 293 126 155
352 377 303 341
843 868 215 302
239 264 155 181
735 760 341 417
306 331 35 68
316 341 367 401
136 161 415 431
742 767 229 306
660 685 329 398
639 664 85 151
393 418 49 91
518 543 300 354
728 753 368 443
852 877 156 244
677 702 486 556
621 646 327 392
500 525 494 547
112 137 7 21
389 414 86 127
78 103 76 86
821 846 268 353
488 513 79 130
798 823 283 365
438 463 256 302
155 180 164 182
639 664 402 468
667 692 395 464
263 288 458 487
174 199 410 430
714 739 155 229
638 663 336 402
358 383 133 171
433 458 214 260
178 203 242 262
512 537 280 334
438 463 108 154
609 634 349 412
118 143 7 21
280 305 146 177
499 524 126 178
553 578 453 511
861 886 241 330
205 230 28 51
467 492 236 285
282 307 52 83
290 315 432 464
906 931 159 252
600 625 349 412
829 854 175 260
248 273 98 125
335 360 373 409
725 750 373 448
138 163 275 291
559 584 201 259
194 219 315 337
788 813 239 320
472 497 13 63
744 769 79 156
435 460 78 124
724 749 431 506
775 800 77 157
304 329 158 191
184 209 76 97
567 592 490 549
956 981 409 507
902 927 457 550
730 755 439 515
747 772 493 570
329 354 209 244
446 471 109 156
189 214 370 391
86 111 272 283
356 381 278 316
225 250 466 491
837 862 348 434
183 208 457 478
934 959 477 573
818 843 108 192
178 203 100 120
489 514 245 296
833 858 394 480
961 986 309 408
374 399 338 378
475 500 65 115
869 894 136 225
513 538 339 393
406 431 314 357
773 798 461 541
344 369 457 494
307 332 275 308
220 245 171 196
375 400 227 267
790 815 344 426
913 938 207 301
633 658 55 121
765 790 44 123
652 677 463 531
432 457 263 309
196 221 176 198
247 272 266 293
590 615 394 456
198 223 245 267
582 607 35 96
553 578 2 60
369 394 207 246
937 962 435 531
216 241 343 367
121 146 484 499
930 955 294 390
936 961 238 334
821 846 347 432
157 182 471 489
593 618 75 137
502 527 2 55
532 557 475 531
251 276 336 364
476 501 276 326
329 354 148 183
908 933 412 505
815 840 420 504
340 365 234 271
88 113 438 449
401 426 473 516
853 878 122 210
374 399 102 142
464 489 169 218
319 344 272 306
89 114 470 481
75 100 292 302
684 709 399 470
849 874 89 176
577 602 4 64
399 424 102 144
563 588 352 411
701 726 490 563
654 679 291 359
500 525 270 323
970 995 114 214
476 501 363 413
755 780 494 572
881 906 43 134
398 423 284 326
730 755 243 319
559 584 235 293
690 715 179 251
119 144 341 355
639 664 410 476
790 815 173 255
156 181 134 152
670 695 200 270
330 355 325 361
682 707 350 421
181 206 243 264
678 703 161 231
566 591 426 485
285 310 414 445
439 464 138 184
129 154 393 408
100 125 162 175
604 629 498 561
506 531 17 70
636 661 63 129
914 939 351 445
161 186 166 185
340 365 431 468
727 752 89 164
456 481 374 422
481 506 185 236
665 690 46 115
876 901 191 281
591 616 326 388
712 737 77 151
756 781 397 475
843 868 198 285
225 250 234 259
428 453 178 223
702 727 322 395
469 494 199 248
197 222 17 39
786 811 412 493
369 394 108 147
159 184 426 444
797 822 116 198
529 554 423 478
749 774 114 191
789 814 256 337
434 459 297 343
115 140 412 426
169 194 165 184
173 198 60 80
676 701 412 482
771 796 128 208
362 387 305 344
201 226 388 411
395 420 38 80
578 603 168 228
87 112 341 352
534 559 333 389
707 732 371 444
388 413 150 191
951 976 13 111
732 757 424 500
698 723 158 230
514 539 450 504
368 393 1 40
866 891 398 487
211 236 469 493
128 153 211 226
411 436 270 314
467 492 391 440
486 511 166 217
494 519 41 93
741 766 351 428
516 541 302 356
923 948 315 410
226 251 255 280
317 342 235 269
539 564 246 302
968 993 19 118
561 586 382 441
931 956 485 581
826 851 321 406
462 487 475 524
250 275 447 475
428 453 25 70
797 822 297 379
212 237 329 353
274 299 477 507
372 397 276 316
801 826 324 407
202 227 120 143
909 934 216 309
310 335 25 59
671 696 164 234
965 990 431 530
619 644 291 355
629 654 349 414
112 137 229 243
925 950 56 151
949 974 36 133
430 455 66 112
424 449 149 194
304 329 356 389
889 914 355 446
166 191 63 82
137 162 498 514
326 351 79 114
949 974 159 256
422 447 52 97
591 616 197 259
820 845 298 383
334 359 168 204
567 592 101 160
486 511 142 193
375 400 257 297
917 942 222 316
921 946 129 224
331 356 97 133
959 984 268 366
104 129 390 403
144 169 186 203
361 386 275 314
693 718 17 89
962 987 338 437
278 303 10 40
805 830 77 160
779 804 232 312
833 858 334 420
930 955 443 539
708 733 433 506
486 511 364 415
228 253 469 494
186 211 77 98
611 636 262 326
109 134 77 90
262 287 44 73
902 927 278 371
559 584 498 556
585 610 365 426
599 624 369 431
173 198 134 154
863 888 125 214
746 771 355 432
354 379 20 58
672 697 304 374
849 874 69 156
276 301 25 55
805 830 476 559
347 372 227 264
225 250 126 151
103 128 285 298
700 725 463 536
944 969 90 187
208 233 67 90
494 519 204 256
664 689 484 553
771 796 480 560
553 578 262 320
104 129 92 105
524 549 318 373
563 588 155 214
359 384 488 526
498 523 98 150
180 205 176 197
184 209 417 438
452 477 261 309
513 538 385 439
342 367 180 217
686 711 453 524
869 894 16 105
572 597 221 281
949 974 401 498
959 984 71 169
835 860 96 182
77 102 274 284
317 342 322 356
235 260 226 252
497 522 69 121
937 962 261 357
410 435 128 172
352 377 378 416
446 471 103 150
853 878 273 361
77 102 303 313
776 801 175 255
185 210 289 310
306 331 408 441
776 801 386 466
367 392 346 385
339 364 48 84
934 959 1 97
238 263 27 53
265 290 368 397
737 762 160 236
716 741 350 424
334 359 260 296
429 454 117 162
239 264 427 453
441 466 21 68
308 333 134 167
803 828 84 167
769 794 230 309
334 359 340 376
226 251 49 74
937 962 159 255
292 317 392 424
727 752 5 80
315 340 412 446
279 304 112 142
789 814 253 334
502 527 182 235
313 338 139 173
830 855 44 130
849 874 200 287
587 612 52 113
749 774 353 430
98 123 449 461
786 811 415 496
861 886 289 378
77 102 167 177
343 368 65 102
969 994 253 352
147 172 260 277
472 497 383 433
206 231 231 254
529 554 135 190
479 504 315 365
77 102 470 480
250 275 181 209
645 670 111 178
669 694 255 324
667 692 314 383
758 783 290 368
565 590 70 129
296 321 80 112
164 189 494 513
355 380 357 395
775 800 378 458
907 932 446 539
152 177 13 31
785 810 114 195
636 661 132 198
190 215 178 200
814 839 398 482
150 175 18 36
143 168 472 489
378 403 331 371
497 522 117 169
320 345 359 394
507 532 37 90
552 577 282 340
622 647 456 521
907 932 9 102
849 874 102 189
466 491 436 485
536 561 83 139
451 476 18 66
846 871 127 214
339 364 48 84
630 655 190 256
846 871 301 388
150 175 306 324
125 150 139 154
246 271 208 235
177 202 63 83
558 583 339 397
840 865 319 406
448 473 420 467
416 441 413 457
300 325 90 123
533 558 2 58
581 606 406 467
725 750 121 196
500 525 14 67
766 791 323 402
285 310 213 244
722 747 297 372
387 412 342 383
112 137 431 445
286 311 475 506
770 795 391 471
587 612 393 454
800 825 380 463
314 339 166 200
761 786 233 312
500 525 349 402
138 163 58 74
687 712 40 111
780 805 436 517
776 801 366 446
784 809 443 524
934 959 352 448
148 173 182 199
963 988 8 107
430 455 432 478
784 809 170 251
871 896 247 337
965 990 342 441
854 879 4 92
349 374 420 457
121 146 362 377
220 245 112 137
230 255 55 81
698 723 202 274
478 503 200 250
658 683 358 426
502 527 429 482
697 722 175 247
749 774 162 239
149 174 376 393
912 937 477 571
889 914 417 508
286 311 424 455
489 514 224 275
954 979 176 274
972 997 417 517
969 994 105 204
444 469 192 239
194 219 302 324
258 283 111 139
961 986 321 420
944 969 470 567
737 762 412 488
80 105 366 377
110 135 366 380
878 903 125 215
691 716 196 268
231 256 92 118
838 863 138 224
374 399 132 172
182 207 396 417
545 570 107 164
821 846 133 218
744 769 317 394
503 528 3 56
144 169 48 65
279 304 146 176
154 179 185 203
628 653 409 474
800 825 105 188
590 615 189 251
889 914 369 460
234 259 455 481
894 919 98 190
250 275 268 296
946 971 319 416
723 748 191 266
206 231 440 463
182 207 311 332
818 843 170 254
385 410 282 323
952 977 391 489
146 171 233 250
424 449 255 300
625 650 452 517
338 363 371 407
291 316 499 531
872 897 308 398
771 796 300 380
891 916 207 299
949 974 427 524
795 820 240 322
204 229 363 386
640 665 449 516
830 855 384 470
131 156 144 160
411 436 201 245
436 461 149 195
776 801 192 272
897 922 428 520
484 509 129 180
198 223 306 328
498 523 387 439
273 298 388 418
873 898 270 360
863 888 373 462
406 431 268 311
720 745 369 444
731 756 462 538
265 290 393 422
102 127 391 404
439 464 247 293
629 654 133 198
820 845 400 485
459 484 168 216
624 649 7 72
830 855 94 180
901 926 368 461
663 688 65 134
125 150 178 193
487 512 456 507
524 549 109 164
827 852 51 136
466 491 489 538
869 894 169 258
392 417 177 219
569 594 151 210
857 882 320 408
554 579 342 400
639 664 392 458
111 136 465 479
785 810 235 316
479 504 39 89
463 488 145 194
813 838 112 196
259 284 252 280
954 979 271 369
818 843 128 212
90 115 473 485
729 754 395 470
833 858 261 347
671 696 106 176
819 844 53 137
790 815 253 335
896 921 478 570
910 935 245 339
887 912 219 310
455 480 220 268
845 870 189 276
141 166 24 41
824 849 29 114
324 349 310 345
954 979 444 542
652 677 69 137
111 136 338 352
99 124 218 230
950 975 333 431
365 390 342 381
899 924 499 591
650 675 458 526
367 392 364 403
500 525 263 316
362 387 115 154
314 339 493 527
593 618 179 241
859 884 287 375
871 896 128 218
534 559 161 217
945 970 474 571
625 650 286 351
333 358 84 120
407 432 403 446
139 164 426 442
225 250 18 43
757 782 5 83
207 232 403 426
784 809 15 96
85 110 307 318
798 823 291 373
78 103 9 19
669 694 69 138
722 747 363 438
424 449 36 81
794 819 47 129
248 273 452 479
645 670 132 199
273 298 67 97
739 764 184 260
518 543 164 218
334 359 72 108
909 934 369 462
658 683 11 79
184 209 192 213
454 479 113 161
452 477 6 54
575 600 297 357
511 536 428 482
524 549 391 446
871 896 390 480
307 332 75 108
722 747 286 361
943 968 339 436
122 147 445 460
394 419 124 166
525 550 298 353
616 641 97 161
636 661 189 255
895 920 26 118
623 648 148 213
939 964 246 342
678 703 155 225
643 668 313 380
871 896 430 520
541 566 262 319
672 697 291 361
972 997 94 194
824 849 483 568
345 370 235 272
617 642 394 458
513 538 284 338
466 491 461 510
424 449 165 210
241 266 93 120
700 725 86 159
290 315 422 454
856 881 110 198
755 780 435 513
564 589 311 370
201 226 450 473
915 940 59 153
178 203 365 385
148 173 50 67
348 373 306 343
164 189 472 491
324 349 116 151
789 814 347 428
344 369 288 325
199 224 22 44
940 965 494 591
332 357 481 517
246 271 184 211
913 938 291 385
633 658 347 413
561 586 485 544
732 757 369 445
343 368 53 90
890 915 373 465
955 980 433 531
740 765 321 398
391 416 487 529
233 258 234 260
826 851 101 186
689 714 349 420
565 590 216 275
666 691 423 492
433 458 471 517
891 916 264 356
624 649 243 308
909 934 78 171
351 376 303 341
552 577 289 347
895 920 440 532
478 503 493 543
515 540 23 77
161 186 493 512
304 329 61 94
749 774 62 139
113 138 214 228
763 788 419 498
780 805 183 264
952 977 239 337
220 245 53 78
365 390 428 467
216 241 18 42
874 899 22 112
301 326 110 143
716 741 70 144
317 342 167 201
906 931 160 253
935 960 103 199
837 862 115 201
315 340 325 359
496 521 392 444
654 679 55 123
96 121 150 162
388 413 475 516
397 422 221 263
890 915 33 125
304 329 162 195
302 327 443 476
690 715 146 218
686 711 429 500
673 698 262 332
724 749 119 194
396 421 190 232
310 335 134 168
309 334 197 230
722 747 439 514
94 119 499 511
894 919 423 515
834 859 142 228
86 111 344 355
433 458 55 101
256 281 76 104
371 396 96 136
590 615 190 252
205 230 456 479
333 358 282 318
889 914 390 481
91 116 115 127
211 236 210 234
195 220 371 393
679 704 79 149
515 540 7 61
664 689 57 126
846 871 493 580
390 415 103 145
442 467 5 52
75 100 204 214
209 234 372 395
735 760 199 275
907 932 324 417
198 223 70 92
442 467 62 109
370 395 316 356
283 308 474 505
580 605 479 540
358 383 204 242
364 389 282 321
767 792 399 478
763 788 419 498
703 728 41 114
777 802 115 195
374 399 120 160
113 138 148 162
885 910 483 574
817 842 150 234
421 446 420 465
718 743 474 548
967 992 392 491
335 360 5 41
128 153 394 409
748 773 434 511
789 814 408 489
827 852 481 566
920 945 406 501
167 192 24 43
187 212 390 411
77 102 257 267
852 877 328 416
224 249 465 490
665 690 468 537
624 649 91 156
151 176 336 354
798 823 147 229
565 590 67 126
859 884 332 420
596 621 378 440
404 429 287 330
97 122 107 119
351 376 106 144
542 567 325 382
441 466 80 127
492 517 449 501
954 979 400 498
408 433 394 437
124 149 235 250
213 238 370 394
690 715 35 107
375 400 237 277
693 718 258 330
331 356 140 176
553 578 364 422
862 887 342 431
954 979 258 356
581 606 445 506
669 694 477 546
649 674 396 463
764 789 192 271
959 984 104 202
724 749 25 100
143 168 283 300
895 920 108 200
641 666 470 537
793 818 158 240
972 997 207 307
331 356 16 52
492 517 161 213
840 865 244 331
816 841 198 282
577 602 106 166
762 787 499 578
645 670 458 525
448 473 392 439
416 441 31 75
500 525 9 62
140 165 110 127
544 569 265 322
324 349 238 273
124 149 373 388
139 164 92 108
125 150 177 192
548 573 158 215
658 683 27 95
554 579 399 457
964 989 276 375
201 226 137 160
114 139 414 428
354 379 334 372
115 140 130 144
932 957 473 569
873 898 426 516
923 948 381 476
905 930 332 425
946 971 328 425
689 714 470 541
368 393 300 339
518 543 165 219
747 772 330 407
828 853 256 341
494 519 248 300
462 487 40 89
496 521 260 312
499 524 59 111
558 583 130 188
590 615 12 74
462 487 111 160
585 610 188 249
215 240 353 377
893 918 257 349
641 666 55 122
698 723 344 416
786 811 188 269
396 421 483 525
856 881 441 529
105 130 342 355
668 693 152 221
99 124 35 47
691 716 442 514
433 458 458 504
739 764 222 298
592 617 241 303
527 552 239 294
113 138 385 399
390 415 207 249
148 173 229 246
570 595 435 495
103 128 400 413
781 806 37 118
722 747 466 541
746 771 172 249
116 141 464 478
871 896 383 473
257 282 309 337
193 218 171 193
835 860 416 502
161 186 58 77
573 598 24 84
199 224 325 347
651 676 402 470
273 298 69 99
278 303 481 511
283 308 387 418
581 606 203 264
498 523 167 219
513 538 253 307
690 715 248 320
203 228 266 289
662 687 429 498
127 152 210 225
431 456 362 408
762 787 198 277
564 589 49 108
497 522 37 89
463 488 252 301
278 303 40 70
296 321 236 268
265 290 174 203
534 559 299 355
235 260 386 412
823 848 176 261
749 774 299 376
373 398 365 405
277 302 427 457
839 864 233 319
633 658 488 554
538 563 110 166
805 830 106 189
627 652 109 174
443 468 337 384
502 527 349 402
523 548 64 119
119 144 382 396
717 742 23 97
455 480 409 457
926 951 223 318
466 491 212 261
302 327 310 343
576 601 319 379
488 513 213 264
595 620 459 521
884 909 419 510
249 274 446 473
790 815 254 336
787 812 118 199
386 411 470 511
831 856 69 155
378 403 8 48
323 348 313 348
160 185 87 106
401 426 20 63
758 783 327 405
427 452 358 403
417 442 362 406
864 889 245 334
214 239 172 196
142 167 225 242
284 309 326 357
826 851 476 561
332 357 162 198
499 524 364 416
178 203 250 270
758 783 52 130
425 450 467 512
513 538 464 518
839 864 308 394
504 529 233 286
424 449 133 178
771 796 433 513
963 988 491 590
479 504 273 323
128 153 470 485
781 806 405 486
483 508 300 351
415 440 238 282
778 803 16 96
428 453 281 326
419 444 361 405
678 703 318 388
718 743 404 478
727 752 115 190
375 400 331 371
468 493 192 241
448 473 175 222
810 835 472 556
656 681 174 242
210 235 298 322
697 722 401 473
253 278 296 324
110 135 363 377
359 384 118 156
156 181 38 56
588 613 466 527
361 386 35 74
959 984 4 102
492 517 172 224
420 445 2 47
429 454 441 486
892 917 104 196
883 908 83 174
628 653 311 376
762 787 93 172
970 995 450 550
884 909 295 386
471 496 208 258
356 381 252 290
317 342 54 88
545 570 192 249
422 447 78 123
748 773 463 540
448 473 393 440
271 296 47 77
705 730 342 415
760 785 477 556
865 890 271 360
331 356 435 471
560 585 183 242
253 278 394 422
876 901 245 335
627 652 169 234
830 855 392 478
744 769 435 512
260 285 18 47
713 738 267 341
374 399 447 487
300 325 450 483
817 842 382 466
862 887 222 311
465 490 6 55
271 296 451 481
834 859 425 511
563 588 465 524
914 939 425 519
867 892 216 305
767 792 379 458
737 762 42 118
849 874 121 208
281 306 52 83
754 779 25 103
106 131 149 162
733 758 292 368
555 580 213 271
163 188 481 500
678 703 301 371
943 968 467 564
225 250 483 508
765 790 275 354
583 608 79 140
594 619 12 74
778 803 203 283
389 414 39 80
244 269 471 498
109 134 210 223
501 526 437 490
145 170 132 149
966 991 92 191
754 779 214 292
868 893 257 346
182 207 419 440
456 481 450 498
955 980 44 142
752 777 495 573
182 207 474 495
885 910 500 591
783 808 181 262
530 555 94 150
76 101 24 34
290 315 345 377
420 445 326 371
155 180 352 370
315 340 193 227
573 598 452 512
428 453 288 333
529 554 53 108
651 676 265 333
867 892 71 160
406 431 453 496
905 930 246 339
176 201 328 348
578 603 26 86
510 535 299 353
720 745 422 497
975 1000 253 353
842 867 447 534
885 910 13 104
859 884 186 274
656 681 14 82
854 879 471 559
437 462 296 342
331 356 409 445
955 980 156 254
962 987 159 258
291 316 477 509
483 508 256 307
969 994 95 194
708 733 437 510
441 466 161 208
904 929 495 588
161 186 304 323
723 748 4 79
687 712 181 252
281 306 317 348
815 840 316 400
540 565 444 501
419 444 89 133
174 199 243 263
908 933 205 298
415 440 8 52
161 186 301 320
835 860 208 294
107 132 34 47
408 433 130 173
590 615 424 486
323 348 447 482
137 162 101 117
358 383 443 481
685 710 366 437
305 330 432 465
411 436 241 285
189 214 202 223
740 765 449 526
858 883 81 169
821 846 101 186
82 107 408 419
316 341 297 331
625 650 366 431
624 649 114 179
688 713 453 524
301 326 343 376
325 350 306 341
617 642 252 316
812 837 476 560
402 427 206 249
804 829 422 505
815 840 251 335
384 409 104 145
723 748 275 350
100 125 424 437
333 358 489 525
765 790 210 289
691 716 104 176
684 709 4 75
101 126 438 451
186 211 473 494
266 291 256 285
444 469 479 526
702 727 442 515
140 165 107 124
925 950 328 423
758 783 70 148
901 926 425 518
688 713 148 219
109 134 214 227
163 188 95 114
780 805 129 210
291 316 366 398
890 915 377 469
591 616 65 127
495 520 61 113
765 790 184 263
543 568 325 382
848 873 190 277
537 562 23 79
158 183 333 351
392 417 168 210
875 900 186 276
105 130 341 354
479 504 443 493
656 681 459 527
419 444 204 248
327 352 327 362
780 805 437 518
600 625 336 399
698 723 300 372
910 935 222 316
84 109 55 66
931 956 184 280
559 584 123 181
898 923 185 277
380 405 277 318
496 521 438 490
904 929 495 588
542 567 297 354
457 482 68 116
368 393 132 171
543 568 423 480
809 834 290 373
164 189 170 189
823 848 23 108
560 585 323 382
644 669 156 223
569 594 244 303
304 329 59 92
195 220 157 179
302 327 304 337
364 389 410 449
705 730 459 532
306 331 457 490
540 565 218 275
850 875 436 524
360 385 168 207
500 525 277 330
364 389 114 153
195 220 253 275
597 622 77 139
634 659 387 453
811 836 473 557
384 409 326 367
478 503 385 435
476 501 472 522
697 722 469 541
133 158 485 501
751 776 397 475
759 784 229 307
922 947 422 517
193 218 409 431
760 785 181 260
927 952 379 474
775 800 392 472
953 978 24 122
863 888 70 159
338 363 293 329
186 211 138 159
272 297 282 312
620 645 469 534
651 676 162 230
158 183 458 476
333 358 17 53
201 226 88 111
904 929 315 408
701 726 26 99
197 222 427 449
795 820 402 484
115 140 317 331
412 437 254 298
572 597 230 290
500 525 423 476
279 304 199 229
442 467 281 328
364 389 463 502
272 297 10 40
112 137 359 373
859 884 84 172
904 929 379 472
509 534 122 175
955 980 10 108
885 910 426 517
820 845 488 573
101 126 376 389
705 730 299 372
137 162 268 284
235 260 126 152
873 898 343 433
360 385 33 72
525 550 407 462
250 275 41 69
314 339 409 443
449 474 500 547
729 754 3 78
270 295 34 64
885 910 293 384
203 228 409 432
125 150 295 310
898 923 269 361
712 737 272 346
101 126 408 421
771 796 478 558
859 884 339 427
748 773 247 324
462 487 59 108
945 970 72 169
132 157 149 165
443 468 473 520
909 934 61 154
597 622 52 114
941 966 217 314
331 356 71 107
856 881 231 319
100 125 92 105
378 403 326 366
568 593 106 165
98 123 436 448
513 538 281 335
536 561 278 334
600 625 67 130
579 604 170 230
716 741 59 133
639 664 385 451
516 541 383 437
601 626 357 420
210 235 305 329
148 173 109 126
636 661 5 71
91 116 145 157
324 349 320 355
526 551 361 416
257 282 259 287
619 644 186 250
401 426 470 513
743 768 279 356
742 767 378 455
252 277 383 411
847 872 261 348
292 317 223 255
406 431 203 246
269 294 332 361
663 688 469 538
724 749 251 326
110 135 436 450
721 746 32 107
358 383 11 49
763 788 457 536
292 317 102 134
410 435 27 71
912 937 211 305
107 132 38 51
669 694 78 147
798 823 323 405
314 339 250 284
243 268 234 261
203 228 167 190
395 420 394 436
905 930 434 527
590 615 134 196
924 949 253 348
349 374 302 339
790 815 65 147
704 729 295 368
183 208 170 191
604 629 173 236
733 758 448 524
465 490 464 513
897 922 189 281
498 523 385 437
368 393 37 76
210 235 46 70
586 611 396 457
719 744 199 273
625 650 381 446
883 908 319 410
913 938 465 559
749 774 337 414
811 836 413 497
892 917 497 589
339 364 278 314
125 150 409 424
475 500 86 136
341 366 161 198
467 492 188 237
560 585 455 514
549 574 107 164
806 831 251 334
120 145 474 489
735 760 469 545
792 817 163 245
335 360 49 85
611 636 194 258
690 715 300 372
280 305 229 260
556 581 205 263
603 628 58 121
592 617 482 544
454 479 224 272
83 108 34 45
385 410 321 362
491 516 480 532
845 870 491 578
230 255 209 235
162 187 323 342
816 841 46 130
735 760 193 269
722 747 474 549
867 892 194 283
686 711 319 390
169 194 419 438
295 320 227 259
418 443 402 446
400 425 384 427
846 871 346 433
224 249 188 213
721 746 190 265
798 823 23 105
610 635 86 150
151 176 151 169
135 160 395 411
793 818 493 575
260 285 42 71
656 681 168 236
832 857 372 458
533 558 446 502
421 446 411 456
798 823 175 257
703 728 145 218
716 741 212 286
409 434 10 53
906 931 493 586
394 419 445 487
238 263 356 382
211 236 219 243
643 668 372 439
435 460 174 220
920 945 190 285
804 829 301 384
601 626 497 560
216 241 59 83
438 463 253 299
659 684 231 299
126 151 271 286
697 722 285 357
232 257 224 250
169 194 265 284
694 719 451 523
131 156 336 352
515 540 441 495
941 966 294 391
757 782 103 181
432 457 217 263
336 361 399 435
771 796 227 307
470 495 401 451
746 771 243 320
663 688 187 256
523 548 446 501
941 966 65 162
707 732 58 131
731 756 384 460
719 744 357 431
590 615 390 452
809 834 252 335
125 150 384 399
245 270 213 240
507 532 302 355
346 371 230 267
308 333 118 151
807 832 92 175
258 283 188 216
582 607 494 555
258 283 382 410
748 773 268 345
714 739 476 550
877 902 473 563
344 369 392 429
483 508 194 245
174 199 83 103
441 466 297 344
770 795 66 146
309 334 284 317
218 243 298 322
593 618 127 189
325 350 225 260
551 576 313 371
255 280 135 163
409 434 416 459
465 490 34 83
458 483 187 235
837 862 383 469
121 146 128 143
613 638 52 116
235 260 189 215
838 863 303 389
170 195 136 156
764 789 296 375
268 293 262 291
688 713 156 227
632 657 152 218
343 368 138 175
232 257 158 184
88 113 88 99
867 892 138 227
143 168 422 439
515 540 204 258
417 442 189 233
739 764 102 178
179 204 489 509
255 280 54 82
941 966 431 528
748 773 142 219
556 581 456 514
599 624 202 264
505 530 286 339
343 368 184 221
123 148 247 262
878 903 35 125
133 158 189 205
716 741 146 220
246 271 241 268
514 539 10 64
514 539 250 304
731 756 324 400
756 781 471 549
890 915 213 305
163 188 226 245
582 607 315 376
288 313 293 324
823 848 269 354
101 126 3 16
837 862 279 365
633 658 340 406
324 349 19 54
109 134 96 109
270 295 1 31
742 767 49 126
569 594 215 274
575 600 388 448
839 864 481 567
86 111 113 124
803 828 157 240
371 396 202 242
845 870 463 550
646 671 267 334
463 488 202 251
440 465 128 175
165 190 108 127
328 353 265 300
368 393 489 528
301 326 493 526
833 858 103 189
934 959 241 337
517 542 443 497
320 345 276 311
878 903 421 511
711 736 331 405
380 405 147 188
335 360 473 509
892 917 479 571
344 369 436 473
475 500 440 490
179 204 494 514
790 815 62 144
429 454 274 319
785 810 25 106
680 705 222 293
653 678 204 272
121 146 169 184
796 821 168 250
586 611 266 327
438 463 283 329
863 888 442 531
693 718 323 395
127 152 296 311
926 951 448 543
447 472 136 183
618 643 97 161
271 296 156 186
227 252 491 516
898 923 137 229
631 656 310 376
805 830 39 122
230 255 227 253
118 143 461 475
826 851 9 94
755 780 121 199
568 593 289 348
523 548 496 551
796 821 205 287
603 628 118 181
835 860 332 418
666 691 221 290
638 663 449 515
953 978 221 319
135 160 19 35
796 821 154 236
627 652 410 475
847 872 395 482
172 197 87 107
300 325 367 400
285 310 164 195
827 852 85 170
389 414 100 141
506 531 462 515
563 588 104 163
489 514 396 447
83 108 122 133
101 126 105 118
170 195 475 495
637 662 230 296
94 119 440 452
327 352 288 323
368 393 140 179
410 435 429 473
384 409 133 174
558 583 243 301
567 592 26 85
453 478 77 125
843 868 353 440
814 839 426 510
435 460 84 130
710 735 100 174
424 449 491 536
802 827 282 365
287 312 380 411
503 528 329 382
113 138 471 485
306 331 307 340
730 755 389 465
790 815 283 365
150 175 283 301
871 896 385 475
400 425 58 101
561 586 14 73
865 890 252 341
326 351 473 508
392 417 91 133
649 674 134 201
925 950 301 396
441 466 221 268
654 679 24 92
510 535 6 60
293 318 34 66
204 229 64 87
555 580 85 143
580 605 190 251
570 595 348 408
821 846 205 290
362 387 238 277
550 575 443 501
462 487 244 293
671 696 395 465
254 279 74 102
216 241 317 341
691 716 338 410
517 542 302 356
228 253 388 413
523 548 247 302
793 818 245 327
857 882 216 304
346 371 6 43
897 922 1 93
818 843 200 284
412 437 289 333
133 158 30 46
538 563 204 260
490 515 275 327
182 207 103 124
545 570 328 385
831 856 484 570
777 802 20 100
400 425 178 221
267 292 492 521
460 485 307 356
768 793 61 140
645 670 463 530
959 984 186 284
733 758 170 246
849 874 229 316
246 271 242 269
918 943 216 310
710 735 281 355
125 150 393 408
192 217 84 106
333 358 499 535
103 128 39 52
323 348 431 466
886 911 354 445
959 984 14 112
376 401 34 74
853 878 372 460
930 955 382 478
920 945 372 467
569 594 287 346
139 164 364 380
274 299 324 354
713 738 367 441
203 228 352 375
467 492 324 373
598 623 408 470
607 632 258 321
785 810 239 320
399 424 171 213
430 455 125 171
314 339 279 313
233 258 39 65
406 431 309 352
941 966 196 293
444 469 491 538
267 292 7 36
620 645 286 351
416 441 15 59
895 920 87 179
166 191 196 215
956 981 351 449
178 203 431 451
418 443 25 69
310 335 398 432
491 516 33 85
317 342 375 409
572 597 282 342
916 941 358 452
439 464 146 192
738 763 292 368
452 477 292 340
749 774 85 162
528 553 277 332
849 874 393 480
843 868 318 405
823 848 90 175
433 458 72 118
532 557 379 435
849 874 222 309
528 553 421 476
744 769 104 181
606 631 48 111
481 506 68 119
210 235 57 81
168 193 213 232
915 940 147 241
481 506 151 202
544 569 47 104
370 395 57 97
237 262 61 87
685 710 465 536
615 640 249 313
646 671 14 81
492 517 123 175
741 766 78 155
200 225 75 98
581 606 88 149
288 313 92 123
568 593 56 115
583 608 86 147
810 835 487 571
541 566 92 149
840 865 475 562
354 379 200 238
863 888 479 568
366 391 459 498
494 519 198 250
880 905 407 498
748 773 19 96
971 996 288 388
567 592 287 346
248 273 131 158
224 249 275 300
411 436 100 144
855 880 329 417
455 480 475 523
775 800 100 180
106 131 237 250
124 149 320 335
182 207 304 325
971 996 430 530
967 992 311 410
807 832 295 378
111 136 415 429
108 133 100 113
180 205 119 140
457 482 27 75
889 914 19 110
803 828 345 428
537 562 221 277
573 598 42 102
350 375 259 297
373 398 50 90
325 350 158 193
524 549 278 333
961 986 210 309
578 603 346 406
153 178 378 396
161 186 208 227
829 854 467 552
470 495 311 361
355 380 326 364
310 335 7 41
648 673 42 109
263 288 108 137
762 787 397 476
727 752 302 377
624 649 339 404
532 557 201 257
384 409 41 82
331 356 289 325
471 496 245 295
95 120 250 262
576 601 371 431
858 883 280 368
521 546 55 110
439 464 466 512
418 443 10 54
696 721 483 555
555 580 362 420
657 682 476 544
750 775 212 290
396 421 290 332
688 713 354 425
206 231 343 366
432 457 123 169
765 790 418 497
590 615 334 396
493 518 336 388
556 581 31 89
724 749 268 343
228 253 241 266
327 352 314 349
660 685 319 388
171 196 406 426
278 303 164 194
259 284 378 406
503 528 195 248
171 196 93 113
687 712 249 320
661 686 356 425
360 385 190 229
566 591 42 101
778 803 158 238
428 453 254 299
110 135 235 249
283 308 85 116
108 133 132 145
426 451 238 283
175 200 457 477
419 444 191 235
612 637 346 410
368 393 203 242
299 324 196 228
714 739 192 266
800 825 489 572
664 689 97 166
693 718 6 78
352 377 169 207
216 241 28 52
621 646 385 450
642 667 250 317
119 144 232 246
251 276 368 396
382 407 316 357
604 629 353 416
579 604 225 285
854 879 427 515
785 810 211 292
876 901 52 142
511 536 326 380
156 181 439 457
341 366 205 242
116 141 466 480
334 359 233 269
301 326 427 460
937 962 135 231
907 932 5 98
719 744 64 138
823 848 449 534
558 583 343 401
562 587 414 473
865 890 88 177
380 405 283 324
193 218 313 335
214 239 387 411
87 112 465 476
77 102 92 102
791 816 118 200
196 221 122 144
820 845 36 121
715 740 318 392
152 177 102 120
477 502 420 470
597 622 276 338
823 848 156 241
340 365 113 150
497 522 379 431
855 880 240 328
305 330 498 531
177 202 70 90
417 442 63 107
87 112 67 78
134 159 385 401
572 597 25 85
437 462 222 268
551 576 481 539
207 232 457 480
477 502 302 352
551 576 200 258
659 684 401 469
673 698 363 433
154 179 384 402
351 376 49 87
544 569 88 145
556 581 323 381
635 660 219 285
214 239 153 177
474 499 368 418
740 765 384 461
609 634 311 374
894 919 163 255
232 257 141 167
375 400 315 355
967 992 277 376
394 419 431 473
428 453 76 121
889 914 351 442
185 210 249 270
342 367 455 492
938 963 291 387
372 397 150 190
789 814 92 173
156 181 487 505
900 925 391 484
264 289 369 398
536 561 367 423
734 759 250 326
82 107 314 325
731 756 327 403
243 268 464 491
265 290 195 224
597 622 298 360
499 524 414 466
149 174 331 348
746 771 82 159
942 967 421 518
559 584 62 120
924 949 370 465
544 569 412 469
356 381 432 470
257 282 457 485
837 862 368 454
532 557 396 452
251 276 496 524
679 704 273 343
315 340 451 485
275 300 418 448
710 735 177 251
473 498 169 219
396 421 175 217
298 323 279 311
267 292 205 234
243 268 249 276
586 611 449 510
234 259 61 87
457 482 285 333
199 224 186 208
158 183 500 518
171 196 107 127
374 399 69 109
573 598 210 270
168 193 487 506
613 638 218 282
510 535 341 395
378 403 314 354
116 141 456 470
301 326 413 446
747 772 498 575
561 586 141 200
675 700 111 181
569 594 200 259
532 557 445 501
370 395 302 342
236 261 95 121
135 160 419 435
525 550 158 213
963 988 168 267
906 931 151 244
814 839 54 138
779 804 27 107
143 168 44 61
506 531 138 191
657 682 414 482
80 105 2 13
967 992 87 186
101 126 350 363
720 745 401 476
375 400 283 323
153 178 345 363
723 748 276 351
962 987 316 415
150 175 175 193
864 889 451 540
264 289 58 87
485 510 54 105
443 468 492 539
527 552 122 177
413 438 167 211
524 549 133 188
200 225 232 255
478 503 348 398
466 491 369 418
448 473 478 525
941 966 345 442
900 925 461 554
400 425 45 88
88 113 497 508
497 522 208 260
75 100 114 124
510 535 197 251
120 145 151 166
873 898 33 123
706 731 96 169
120 145 101 116
974 999 189 289
94 119 99 111
732 757 237 313
334 359 189 225
531 556 66 122
730 755 362 438
339 364 377 413
383 408 407 448
85 110 45 56
215 240 4 28
353 378 141 179
740 765 182 259
165 190 41 60
244 269 129 156
770 795 60 140
817 842 181 265
230 255 41 67
559 584 214 272
96 121 455 467
151 176 136 154
206 231 459 482
102 127 186 199
316 341 498 532
419 444 178 222
249 274 202 229
567 592 493 552
111 136 9 23
468 493 484 533
460 485 167 216
479 504 46 96
932 957 173 269
676 701 454 524
395 420 104 146
389 414 455 496
401 426 104 147
829 854 18 103
854 879 18 106
880 905 95 186
260 285 499 528
956 981 202 300
855 880 402 490
713 738 293 367
747 772 384 461
974 999 375 475
192 217 240 262
752 777 200 278
313 338 190 224
592 617 146 208
349 374 19 56
924 949 34 129
725 750 306 381
596 621 155 217
207 232 361 384
676 701 115 185
304 329 328 361
428 453 274 319
839 864 496 582
562 587 113 172
92 117 359 371
787 812 103 184
645 670 88 155
237 262 230 256
783 808 131 212
568 593 370 429
868 893 327 416
213 238 20 44
922 947 85 180
512 537 464 518
257 282 292 320
786 811 361 442
903 928 37 130
700 725 413 486
503 528 47 100
468 493 357 406
162 187 164 183
167 192 19 38
665 690 232 301
223 248 37 62
915 940 369 463
946 971 14 111
694 719 489 561
352 377 316 354
314 339 190 224
555 580 289 347
105 130 74 87
166 191 446 465
899 924 492 584
866 891 349 438
397 422 277 319
417 442 97 141
515 540 278 332
671 696 404 474
932 957 176 272
496 521 89 141
926 951 440 535
757 782 14 92
503 528 92 145
417 442 348 392
718 743 442 516
236 261 286 312
416 441 67 111
113 138 409 423
284 309 78 109
532 557 234 290
612 637 38 102
857 882 414 502
442 467 392 439
389 414 412 453
929 954 69 164
355 380 232 270
229 254 251 276
724 749 444 519
948 973 245 342
258 283 328 356
671 696 396 466
273 298 349 379
952 977 259 357
242 267 58 85
325 350 412 447
490 515 420 472
215 240 321 345
842 867 152 239
720 745 184 259
267 292 292 321
458 483 11 59
744 769 320 397
891 916 489 581
285 310 60 91
191 216 176 198
213 238 148 172
816 841 78 162
260 285 452 481
623 648 4 69
494 519 456 508
833 858 331 417
159 184 349 367
659 684 9 77
540 565 466 523
455 480 198 246
296 321 444 476
795 820 442 524
447 472 343 390
814 839 51 135
942 967 81 178
192 217 412 434
683 708 304 375
525 550 12 67
157 182 217 235
611 636 129 193
696 721 445 517
275 300 88 118
588 613 252 313
424 449 48 93
689 714 231 302
311 336 499 533
509 534 466 519
286 311 126 157
804 829 127 210
582 607 239 300
928 953 35 130
556 581 295 353
829 854 384 469
550 575 362 420
892 917 389 481
286 311 308 339
876 901 342 432
207 232 436 459
804 829 382 465
318 343 72 106
515 540 127 181
879 904 52 142
298 323 62 94
776 801 368 448
781 806 442 523
228 253 397 422
831 856 446 532
964 989 382 481
750 775 223 301
319 344 181 215
724 749 50 125
540 565 185 242
232 257 204 230
264 289 419 448
323 348 379 414
876 901 379 469
585 610 157 218
609 634 90 153
92 117 256 268
108 133 98 111
676 701 469 539
454 479 8 56
267 292 269 298
316 341 328 362
674 699 39 109
77 102 444 454
660 685 415 484
265 290 307 336
741 766 13 90
562 587 242 301
488 513 187 238
834 859 327 413
141 166 125 142
380 405 462 503
323 348 180 215
923 948 288 383
723 748 362 437
946 971 160 257
93 118 468 480
935 960 322 418
516 541 347 401
190 215 415 437
480 505 373 424
918 943 292 386
712 737 183 257
907 932 250 343
650 675 217 285
249 274 97 124
243 268 59 86
399 424 414 456
126 151 55 70
131 156 339 355
639 664 102 168
562 587 67 126
958 983 34 132
952 977 471 569
885 910 370 461
81 106 438 449
680 705 33 104
946 971 408 505
240 265 139 166
396 421 321 363
590 615 154 216
264 289 105 134
791 816 196 278
813 838 220 304
124 149 2 17
851 876 103 191
172 197 364 384
170 195 158 178
635 660 189 255
839 864 366 452
280 305 463 494
743 768 81 158
814 839 89 173
376 401 391 431
349 374 313 350
748 773 9 86
921 946 147 242
564 589 188 247
626 651 153 218
596 621 497 559
428 453 256 301
508 533 354 407
637 662 217 283
474 499 239 289
242 267 327 354
904 929 402 495
186 211 450 471
722 747 277 352
755 780 73 151
447 472 129 176
962 987 42 141
973 998 33 133
545 570 381 438
597 622 479 541
96 121 120 132
644 669 46 113
398 423 198 240
358 383 219 257
471 496 321 371
78 103 446 456
502 527 97 150
627 652 21 86
857 882 25 113
910 935 289 383
404 429 327 370
142 167 315 332
487 512 4 55
538 563 225 281
497 522 109 161
935 960 243 339
784 809 2 83
220 245 191 216
506 531 265 318
404 429 437 480
955 980 42 140
99 124 64 76
146 171 70 87
690 715 149 221
910 935 450 544
276 301 347 377
908 933 169 262
443 468 359 406
480 505 333 384
145 170 417 434
501 526 341 394
791 816 343 425
95 120 110 122
852 877 188 276
687 712 132 203
820 845 64 149
137 162 393 409
359 384 244 282
88 113 472 483
914 939 383 477
586 611 116 177
471 496 387 437
815 840 110 194
664 689 280 349
969 994 232 331
262 287 250 279
193 218 202 224
306 331 383 416
922 947 12 107
84 109 319 330
652 677 219 287
470 495 352 402
891 916 315 407
150 175 130 148
196 221 457 479
361 386 418 457
311 336 88 122
863 888 306 395
395 420 419 461
745 770 359 436
543 568 166 223
865 890 62 151
373 398 305 345
180 205 21 42
466 491 194 243
195 220 430 452
617 642 141 205
528 553 313 368
224 249 198 223
91 116 44 56
457 482 24 72
243 268 422 449
442 467 433 480
882 907 105 196
881 906 428 519
763 788 385 464
212 237 253 277
511 536 237 291
128 153 255 270
463 488 157 206
572 597 36 96
607 632 263 326
628 653 416 481
292 317 337 369
313 338 398 432
220 245 112 137
652 677 90 158
634 659 343 409
629 654 151 216
910 935 148 242
889 914 286 377
833 858 325 411
543 568 366 423
759 784 464 542
847 872 468 555
127 152 321 336
604 629 146 209
498 523 105 157
349 374 390 427
941 966 388 485
389 414 1 42
706 731 36 109
356 381 341 379
680 705 450 521
631 656 231 297
335 360 199 235
732 757 222 298
520 545 313 368
972 997 273 373
269 294 79 108
437 462 178 224
99 124 326 338
964 989 406 505
595 620 201 263
364 389 70 109
683 708 257 328
886 911 372 463
337 362 399 435
240 265 349 376
539 564 310 366
104 129 467 480
936 961 121 217
197 222 230 252
206 231 491 514
149 174 298 315
498 523 97 149
491 516 157 209
345 370 480 517
941 966 319 416
904 929 358 451
302 327 324 357
412 437 318 362
365 390 99 138
414 439 499 543
527 552 76 131
206 231 114 137
109 134 212 225
933 958 201 297
564 589 463 522
791 816 466 548
181 206 472 493
540 565 225 282
252 277 12 40
691 716 323 395
827 852 279 364
271 296 298 328
885 910 400 491
262 287 317 346
412 437 360 404
280 305 96 127
942 967 381 478
956 981 4 102
581 606 430 491
740 765 308 385
413 438 109 153
810 835 408 492
697 722 267 339
920 945 14 109
908 933 4 97
215 240 9 33
853 878 382 470
849 874 309 396
490 515 376 428
374 399 480 520
736 761 270 346
402 427 302 345
615 640 339 403
392 417 411 453
381 406 16 57
908 933 110 203
766 791 282 361
605 630 40 103
763 788 302 381
614 639 460 524
119 144 167 181
316 341 1 35
724 749 23 98
912 937 126 220
913 938 343 437
908 933 440 533
258 283 411 439
746 771 404 481
356 381 489 527
914 939 12 106
454 479 186 234
642 667 274 341
179 204 257 277
854 879 37 125
814 839 206 290
839 864 265 351
394 419 487 529
469 494 218 267
820 845 10 95
705 730 85 158
335 360 444 480
114 139 209 223
541 566 239 296
793 818 216 298
825 850 309 394
430 455 124 170
635 660 287 353
78 103 11 21
363 388 150 189
965 990 111 210
428 453 147 192
300 325 180 213
279 304 192 222
639 664 451 517
932 957 491 587
553 578 180 238
423 448 170 215
860 885 399 488
902 927 317 410
88 113 98 109
865 890 245 334
419 444 415 459
718 743 160 234
107 132 398 411
252 277 40 68
459 484 239 287
611 636 341 405
630 655 362 428
805 830 220 303
165 190 458 477
940 965 347 444
500 525 496 549
234 259 41 67
298 323 265 297
508 533 165 218
412 437 351 395
460 485 187 236
360 385 246 285
283 308 85 116
723 748 120 195
367 392 350 389
774 799 236 316
183 208 272 293
88 113 154 165
841 866 230 317
795 820 307 389
377 402 131 171
236 261 477 503
677 702 170 240
332 357 411 447
531 556 340 396
486 511 250 301
686 711 151 222
804 829 217 300
439 464 341 387
320 345 409 444
617 642 141 205
895 920 248 340
821 846 57 142
295 320 243 275
143 168 450 467
144 169 173 190
416 441 251 295
700 725 409 482
211 236 249 273
567 592 123 182
443 468 379 426
489 514 289 340
416 441 452 496
260 285 374 403
927 952 338 433
201 226 146 169
406 431 403 446
964 989 164 263
901 926 86 179
568 593 300 359
522 547 355 410
446 471 98 145
230 255 472 498
638 663 60 126
751 776 177 255
300 325 396 429
312 337 73 107
822 847 495 580
936 961 418 514
762 787 143 222
441 466 160 207
290 315 320 352
758 783 22 100
461 486 155 204
303 328 495 528
84 109 386 397
910 935 338 432
332 357 113 149
361 386 35 74
85 110 250 261
721 746 6 81
373 398 199 239
180 205 167 188
592 617 317 379
745 770 60 137
83 108 192 203
284 309 376 407
673 698 132 202
858 883 103 191
441 466 351 398
81 106 94 105
97 122 11 23
743 768 392 469
422 447 497 542
158 183 3 21
446 471 328 375
535 560 180 236
350 375 244 282
681 706 287 358
201 226 284 307
858 883 48 136
610 635 443 507
937 962 468 564
211 236 142 166
369 394 167 206
333 358 299 335
126 151 69 84
881 906 198 289
646 671 448 515
512 537 63 117
441 466 115 162
492 517 89 141
695 720 221 293
800 825 254 337
247 272 143 170
317 342 373 407
783 808 362 443
156 181 208 226
740 765 448 525
239 264 397 423
625 650 188 253
552 577 31 89
429 454 468 513
926 951 32 127
943 968 234 331
918 943 8 102
144 169 334 351
557 582 431 489
619 644 33 97
615 640 13 77
168 193 500 519
149 174 491 508
130 155 330 346
380 405 20 61
289 314 408 439
617 642 445 509
511 536 270 324
573 598 288 348
261 286 253 282
731 756 275 351
972 997 16 116
747 772 79 156
916 941 263 357
830 855 368 454
270 295 71 101
961 986 208 307
808 833 342 425
254 279 331 359
261 286 462 491
934 959 411 507
613 638 234 298
655 680 316 384
763 788 349 428
392 417 189 231
953 978 92 190
499 524 161 213
760 785 114 193
473 498 325 375
420 445 481 526
343 368 173 210
948 973 316 413
501 526 448 501
895 920 398 490
511 536 179 233
195 220 435 457
956 981 454 552
546 571 230 287
703 728 479 552
551 576 183 241
926 951 345 440
452 477 176 224
674 699 430 500
137 162 267 283
681 706 97 168
947 972 55 152
937 962 135 231
592 617 184 246
810 835 48 132
569 594 412 471
420 445 418 463
806 831 401 484
731 756 336 412
809 834 419 502
518 543 70 124
147 172 145 162
305 330 308 341
562 587 93 152
720 745 1 76
798 823 24 106
583 608 159 220
831 856 111 197
881 906 169 260
813 838 82 166
714 739 400 474
149 174 275 292
563 588 284 343
382 407 381 422
501 526 487 540
793 818 304 386
412 437 253 297
450 475 170 218
311 336 388 422
571 596 118 178
291 316 365 397
290 315 336 368
96 121 61 73
104 129 23 36
99 124 68 80
724 749 39 114
907 932 336 429
567 592 490 549
217 242 70 94
156 181 187 205
436 461 68 114
315 340 212 246
157 182 364 382
764 789 114 193
460 485 136 185
595 620 32 94
711 736 271 345
281 306 405 436
221 246 240 265
238 263 301 327
434 459 160 206
268 293 219 248
324 349 409 444
369 394 42 81
810 835 185 269
662 687 497 566
646 671 292 359
406 431 242 285
634 659 434 500
828 853 371 456
314 339 371 405
440 465 286 333
893 918 122 214
629 654 27 92
278 303 186 216
180 205 456 477
968 993 373 472
811 836 220 304
338 363 440 476
287 312 402 433
149 174 477 494
785 810 57 138
487 512 256 307
731 756 62 138
911 936 198 292
547 572 173 230
385 410 497 538
697 722 205 277
514 539 450 504
826 851 269 354
484 509 65 116
400 425 77 120
755 780 402 480
487 512 285 336
86 111 94 105
652 677 105 173
459 484 109 157
765 790 251 330
486 511 185 236
154 179 364 382
767 792 273 352
421 446 78 123
612 637 490 554
391 416 456 498
478 503 487 537
652 677 108 176
521 546 169 224
399 424 144 186
96 121 276 288
743 768 226 303
725 750 25 100
228 253 182 207
594 619 405 467
942 967 216 313
777 802 447 527
218 243 133 157
438 463 101 147
297 322 97 129
946 971 491 588
672 697 116 186
972 997 179 279
98 123 65 77
345 370 476 513
575 600 206 266
368 393 53 92
429 454 205 250
461 486 115 164
428 453 207 252
375 400 200 240
102 127 408 421
174 199 240 260
652 677 72 140
132 157 332 348
260 285 232 261
341 366 9 46
857 882 478 566
682 707 283 354
894 919 426 518
116 141 248 262
328 353 302 337
426 451 155 200
832 857 102 188
842 867 454 541
664 689 266 335
352 377 3 41
314 339 417 451
655 680 125 193
849 874 194 281
384 409 375 416
434 459 53 99
649 674 235 302
906 931 376 469
279 304 315 345
504 529 343 396
663 688 273 342
398 423 215 257
842 867 281 368
208 233 213 236
840 865 267 354
179 204 189 209
420 445 27 72
740 765 223 300
356 381 70 108
358 383 193 231
876 901 259 349
532 557 207 263
520 545 296 351
482 507 492 543
511 536 198 252
109 134 480 493
973 998 357 457
793 818 284 366
742 767 193 270
416 441 491 535
323 348 230 265
860 885 329 418
211 236 302 326
856 881 21 109
699 724 406 478
418 443 130 174
825 850 313 398
662 687 153 222
936 961 416 512
736 761 221 297
791 816 221 303
563 588 322 381
682 707 439 510
725 750 221 296
123 148 363 378
864 889 204 293
574 599 133 193
561 586 124 183
183 208 207 228
512 537 484 538
579 604 184 244
501 526 249 302
682 707 44 115
403 428 252 295
626 651 425 490
109 134 292 305
575 600 485 545
511 536 224 278
841 866 188 275
495 520 50 102
605 630 438 501
472 497 311 361
321 346 192 227
772 797 48 128
822 847 243 328
779 804 383 463
709 734 170 243
732 757 146 222
840 865 418 505
115 140 228 242
494 519 291 343
934 959 484 580
190 215 33 55
739 764 124 200
84 109 92 103
600 625 165 228
373 398 253 293
355 380 305 343
382 407 477 518
571 596 484 544
234 259 161 187
247 272 91 118
211 236 18 42
698 723 151 223
488 513 257 308
569 594 7 66
282 307 150 181
669 694 452 521
192 217 116 138
610 635 315 379
214 239 55 79
395 420 229 271
99 124 453 465
116 141 291 305
269 294 137 166
719 744 196 270
495 520 67 119
906 931 346 439
711 736 281 355
620 645 432 497
507 532 301 354
899 924 228 320
468 493 176 225
975 1000 332 432
435 460 27 73
852 877 346 434
198 223 330 352
487 512 90 141
824 849 325 410
617 642 48 112
492 517 118 170
680 705 222 293
543 568 310 367
835 860 248 334
411 436 352 396
497 522 194 246
396 421 494 536
745 770 298 375
240 265 299 326
588 613 191 252
80 105 143 154
212 237 470 494
654 679 31 99
738 763 338 414
213 238 48 72
514 539 177 231
465 490 327 376
96 121 420 432
310 335 284 318
881 906 165 256
338 363 15 51
624 649 453 518
362 387 73 112
494 519 328 380
162 187 315 334
654 679 364 432
540 565 361 418
967 992 310 409
367 392 485 524
284 309 162 193
440 465 425 472
798 823 288 370
957 982 87 185
590 615 365 427
587 612 289 350
307 332 264 297
272 297 144 174
696 721 473 545
821 846 76 161
325 350 290 325
493 518 33 85
393 418 303 345
259 284 323 351
387 412 32 73
667 692 199 268
597 622 279 341
257 282 143 171
238 263 181 207
654 679 107 175
891 916 436 528
305 330 363 396
645 670 471 538
248 273 46 73
833 858 230 316
964 989 465 564
940 965 149 246
585 610 424 485
685 710 171 242
520 545 311 366
939 964 98 194
572 597 305 365
764 789 480 559
416 441 129 173
609 634 64 127
924 949 449 544
368 393 125 164
632 657 48 114
83 108 433 444
116 141 418 432
322 347 86 121
176 201 97 117
539 564 18 74
613 638 262 326
783 808 313 394
660 685 214 283
886 911 406 497
394 419 441 483
740 765 400 477
189 214 473 494
272 297 319 349
785 810 184 265
216 241 476 500
343 368 131 168
671 696 63 133
833 858 257 343
94 119 164 176
929 954 20 115
836 861 124 210
460 485 31 80
578 603 238 298
279 304 372 402
318 343 192 226
100 125 306 319
604 629 337 400
346 371 282 319
154 179 314 332
358 383 267 305
339 364 242 278
803 828 149 232
311 336 208 242
297 322 180 212
932 957 485 581
643 668 255 322
724 749 367 442
938 963 164 260
532 557 394 450
859 884 104 192
856 881 482 570
955 980 41 139
428 453 112 157
512 537 108 162
965 990 141 240
84 109 42 53
347 372 36 73
400 425 486 529
622 647 454 519
549 574 94 151
380 405 289 330
838 863 431 517
407 432 420 463
694 719 302 374
847 872 380 467
565 590 262 321
420 445 346 391
257 282 54 82
78 103 45 55
614 639 346 410
375 400 434 474
756 781 467 545
677 702 85 155
811 836 13 97
412 437 94 138
404 429 454 497
269 294 194 223
771 796 100 180
862 887 232 321
223 248 128 153
368 393 268 307
733 758 120 196
877 902 55 145
740 765 83 160
437 462 172 218
724 749 245 320
614 639 280 344
844 869 439 526
453 478 263 311
103 128 93 106
552 577 96 154
923 948 306 401
432 457 112 158
690 715 101 173
246 271 32 59
140 165 251 268
109 134 382 395
175 200 299 319
278 303 220 250
316 341 480 514
755 780 257 335
782 807 323 404
141 166 302 319
284 309 269 300
434 459 490 536
418 443 263 307
161 186 317 336
714 739 52 126
643 668 207 274
395 420 125 167
367 392 97 136
815 840 19 103
868 893 351 440
554 579 188 246
602 627 217 280
865 890 323 412
98 123 162 174
448 473 363 410
447 472 457 504
692 717 432 504
390 415 366 408
515 540 464 518
94 119 79 91
369 394 38 77
878 903 268 358
945 970 157 254
302 327 299 332
298 323 174 206
284 309 42 73
409 434 41 84
189 214 420 441
265 290 422 451
810 835 56 140
877 902 239 329
362 387 468 507
478 503 314 364
688 713 24 95
663 688 239 308
155 180 354 372
617 642 92 156
579 604 231 291
462 487 343 392
460 485 15 64
715 740 236 310
84 109 292 303
921 946 33 128
773 798 155 235
343 368 309 346
248 273 335 362
94 119 94 106
449 474 380 427
924 949 71 166
314 339 162 196
280 305 215 246
374 399 257 297
132 157 151 167
313 338 271 305
943 968 70 167
341 366 68 105
79 104 181 191
135 160 309 325
809 834 390 473
598 623 61 123
216 241 141 165
387 412 390 431
900 925 395 488
489 514 388 439
813 838 379 463
392 417 130 172
886 911 401 492
639 664 495 561
511 536 123 177
955 980 8 106
221 246 406 431
737 762 287 363
399 424 352 394
462 487 178 227
827 852 138 223
212 237 163 187
817 842 248 332
937 962 77 173
507 532 434 487
211 236 384 408
313 338 25 59
239 264 120 146
340 365 7 44
851 876 249 337
156 181 330 348
965 990 130 229
751 776 1 79
645 670 298 365
793 818 55 137
550 575 27 85
749 774 198 275
201 226 8 31
829 854 211 296
323 348 400 435
232 257 231 257
283 308 318 349
637 662 260 326
764 789 454 533
560 585 91 150
749 774 354 431
291 316 438 470
373 398 163 203
277 302 323 353
652 677 449 517
580 605 268 329
961 986 328 427
494 519 146 198
947 972 457 554
112 137 289 303
268 293 106 135
591 616 239 301
284 309 477 508
518 543 352 406
284 309 165 196
523 548 238 293
158 183 282 300
104 129 256 269
338 363 91 127
465 490 160 209
518 543 494 548
142 167 261 278
844 869 77 164
723 748 320 395
364 389 162 201
450 475 30 78
801 826 320 403
484 509 94 145
643 668 196 263
437 462 348 394
371 396 245 285
183 208 270 291
165 190 173 192
611 636 355 419
251 276 154 182
775 800 422 502
578 603 32 92
602 627 215 278
556 581 140 198
220 245 285 310
374 399 128 168
863 888 365 454
111 136 265 279
378 403 262 302
617 642 189 253
250 275 308 336
589 614 213 274
931 956 493 589
777 802 340 420
620 645 295 360
155 180 276 294
751 776 272 350
752 777 119 197
945 970 267 364
820 845 308 393
222 247 182 207
500 525 379 432
852 877 462 550
148 173 158 175
140 165 380 397
448 473 312 359
158 183 97 115
493 518 59 111
233 258 438 464
879 904 411 501
755 780 129 207
476 501 315 365
554 579 472 530
107 132 18 31
530 555 264 320
449 474 438 485
731 756 128 204
949 974 31 128
361 386 419 458
484 509 339 390
788 813 467 548
735 760 186 262
279 304 272 302
800 825 171 254
753 778 406 484
214 239 243 267
400 425 86 129
193 218 471 493
182 207 475 496
860 885 150 239
894 919 259 351
645 670 496 563
635 660 497 563
628 653 286 351
804 829 468 551
939 964 77 173
636 661 176 242
192 217 39 61
887 912 82 173
458 483 158 206
399 424 407 449
281 306 165 196
252 277 465 493
154 179 416 434
139 164 16 32
525 550 350 405
946 971 430 527
261 286 291 320
969 994 78 177
509 534 124 177
809 834 452 535
428 453 311 356
191 216 228 250
390 415 125 167
478 503 5 55
278 303 179 209
665 690 176 245
535 560 359 415
757 782 306 384
615 640 85 149
299 324 364 396
711 736 463 537
827 852 230 315
515 540 313 367
760 785 259 338
916 941 28 122
954 979 350 448
365 390 390 429
387 412 281 322
245 270 46 73
277 302 494 524
599 624 5 67
833 858 226 312
175 200 165 185
168 193 167 186
405 430 43 86
878 903 355 445
645 670 205 272
608 633 71 134
554 579 141 199
373 398 195 235
226 251 409 434
458 483 331 379
316 341 204 238
129 154 105 120
512 537 453 507
301 326 82 115
655 680 155 223
627 652 264 329
205 230 99 122
172 197 172 192
543 568 286 343
823 848 323 408
537 562 242 298
958 983 203 301
279 304 475 505
889 914 424 515
955 980 310 408
89 114 159 170
793 818 491 573
316 341 406 440
144 169 425 442
316 341 109 143
219 244 255 279
850 875 469 557
734 759 259 335
391 416 161 203
686 711 147 218
126 151 48 63
964 989 62 161
909 934 183 276
852 877 171 259
401 426 22 65
508 533 302 355
338 363 470 506
660 685 112 181
804 829 403 486
577 602 445 505
786 811 463 544
335 360 114 150
286 311 202 233
806 831 149 232
856 881 446 534
961 986 225 324
730 755 123 199
765 790 54 133
912 937 205 299
245 270 422 449
720 745 309 384
699 724 61 133
902 927 287 380
210 235 213 237
926 951 291 386
613 638 296 360
669 694 146 215
458 483 193 241
185 210 190 211
641 666 133 200
131 156 218 234
812 837 413 497
453 478 367 415
301 326 402 435
210 235 172 196
267 292 306 335
531 556 469 525
588 613 230 291
583 608 156 217
246 271 315 342
858 883 437 525
596 621 281 343
951 976 90 188
829 854 484 569
761 786 476 555
429 454 46 91
652 677 439 507
275 300 208 238
739 764 126 202
704 729 9 82
708 733 296 369
671 696 7 77
303 328 303 336
741 766 241 318
666 691 8 77
460 485 285 334
347 372 158 195
919 944 354 448
204 229 499 522
744 769 175 252
681 706 466 537
444 469 390 437
480 505 390 441
675 700 490 560
474 499 311 361
947 972 302 399
674 699 48 118
544 569 43 100
225 250 233 258
107 132 458 471
435 460 221 267
646 671 304 371
952 977 157 255
725 750 278 353
790 815 378 460
478 503 336 386
212 237 25 49
380 405 307 348
511 536 468 522
345 370 357 394
362 387 455 494
432 457 286 332
303 328 422 455
711 736 174 248
155 180 59 77
336 361 83 119
764 789 210 289
236 261 475 501
181 206 307 328
580 605 17 78
672 697 302 372
503 528 150 203
506 531 283 336
121 146 371 386
566 591 219 278
335 360 39 75
408 433 74 117
401 426 292 335
87 112 134 145
131 156 285 301
285 310 447 478
804 829 477 560
302 327 365 398
90 115 352 364
366 391 255 294
807 832 96 179
214 239 154 178
605 630 97 160
135 160 484 500
165 190 308 327
965 990 479 578
143 168 428 445
345 370 262 299
203 228 175 198
335 360 318 354
864 889 252 341
287 312 51 82
458 483 112 160
690 715 15 87
258 283 198 226
471 496 113 163
516 541 4 58
872 897 290 380
891 916 378 470
752 777 275 353
276 301 165 195
699 724 68 140
827 852 134 219
650 675 201 269
788 813 402 483
437 462 359 405
186 211 472 493
951 976 452 550
690 715 4 76
822 847 70 155
759 784 460 538
628 653 447 512
374 399 380 420
154 179 351 369
459 484 145 193
577 602 162 222
248 273 44 71
658 683 82 150
496 521 170 222
369 394 36 75
380 405 210 251
602 627 55 118
629 654 346 411
403 428 174 217
218 243 447 471
314 339 123 157
