param n := 3209;


param c := 100;


param: ITEMS: l d s t := 
		Item0 92 15 1 10 
		Item1 78 68 1 26 
		Item2 36 73 1 7 
		Item3 80 15 1 12 
		Item4 86 20 1 5 
		Item5 31 84 1 4 
		Item6 99 36 1 14 
		Item7 18 34 1 2 
		Item8 83 11 1 27 
		Item9 70 15 1 20 
		Item10 95 71 2 3 
		Item11 54 20 3 8 
		Item12 11 33 4 11 
		Item13 81 78 5 6 
		Item14 42 66 6 17 
		Item15 74 11 7 21 
		Item16 13 34 8 9 
		Item17 25 68 9 16 
		Item18 32 15 10 19 
		Item19 71 85 11 13 
		Item20 86 32 12 36 
		Item21 32 79 13 32 
		Item22 60 17 14 15 
		Item23 59 76 15 55 
		Item24 63 100 16 23 
		Item25 66 73 17 18 
		Item26 25 59 18 30 
		Item27 74 80 19 25 
		Item28 60 68 20 22 
		Item29 23 33 21 38 
		Item30 67 90 22 28 
		Item31 97 88 23 24 
		Item32 24 39 24 33 
		Item33 22 12 25 31 
		Item34 21 85 26 49 
		Item35 100 83 27 29 
		Item36 68 32 28 35 
		Item37 50 57 29 44 
		Item38 26 39 30 45 
		Item39 86 10 31 56 
		Item40 39 98 32 34 
		Item41 86 48 33 42 
		Item42 27 33 34 37 
		Item43 13 33 35 50 
		Item44 96 91 36 39 
		Item45 78 57 37 40 
		Item46 45 38 38 43 
		Item47 79 86 39 41 
		Item48 35 44 40 52 
		Item49 80 45 41 48 
		Item50 73 57 42 80 
		Item51 74 51 43 60 
		Item52 49 85 44 46 
		Item53 70 25 45 74 
		Item54 85 38 46 47 
		Item55 87 27 47 51 
		Item56 20 63 48 54 
		Item57 66 61 49 91 
		Item58 87 18 50 53 
		Item59 82 83 51 67 
		Item60 47 49 52 61 
		Item61 44 16 53 57 
		Item62 71 12 54 62 
		Item63 88 79 55 59 
		Item64 63 52 56 64 
		Item65 42 93 57 58 
		Item66 100 28 58 76 
		Item67 42 77 59 63 
		Item68 46 28 60 68 
		Item69 65 90 61 65 
		Item70 51 83 62 66 
		Item71 45 54 63 69 
		Item72 43 67 64 84 
		Item73 46 79 65 70 
		Item74 45 44 66 73 
		Item75 51 95 67 72 
		Item76 37 88 68 75 
		Item77 28 91 69 88 
		Item78 61 44 70 71 
		Item79 45 33 71 85 
		Item80 82 24 72 77 
		Item81 55 75 73 97 
		Item82 48 97 74 87 
		Item83 53 89 75 93 
		Item84 32 47 76 79 
		Item85 56 36 77 78 
		Item86 62 81 78 81 
		Item87 66 27 79 108 
		Item88 82 24 80 103 
		Item89 94 83 81 82 
		Item90 33 16 82 83 
		Item91 78 51 83 90 
		Item92 46 16 84 86 
		Item93 37 17 85 89 
		Item94 74 81 86 98 
		Item95 61 54 87 96 
		Item96 50 25 88 99 
		Item97 14 37 89 100 
		Item98 44 12 90 104 
		Item99 93 25 91 92 
		Item100 66 26 92 109 
		Item101 76 28 93 94 
		Item102 70 50 94 95 
		Item103 18 30 95 101 
		Item104 31 63 96 114 
		Item105 15 88 97 121 
		Item106 99 10 98 105 
		Item107 72 37 99 102 
		Item108 70 34 100 106 
		Item109 41 26 101 107 
		Item110 73 28 102 119 
		Item111 93 78 103 110 
		Item112 71 54 104 112 
		Item113 24 47 105 115 
		Item114 73 25 106 133 
		Item115 88 37 107 122 
		Item116 77 29 108 123 
		Item117 98 66 109 113 
		Item118 62 18 110 111 
		Item119 45 50 111 117 
		Item120 79 58 112 131 
		Item121 21 35 113 140 
		Item122 66 61 114 125 
		Item123 55 72 115 116 
		Item124 37 96 116 120 
		Item125 100 83 117 118 
		Item126 60 61 118 143 
		Item127 46 70 119 129 
		Item128 69 33 120 128 
		Item129 10 17 121 126 
		Item130 44 29 122 132 
		Item131 78 32 123 124 
		Item132 97 62 124 134 
		Item133 18 93 125 127 
		Item134 48 55 126 144 
		Item135 57 13 127 130 
		Item136 87 86 128 137 
		Item137 59 72 129 135 
		Item138 37 24 130 153 
		Item139 72 35 131 148 
		Item140 68 58 132 139 
		Item141 45 90 133 141 
		Item142 53 37 134 146 
		Item143 97 17 135 136 
		Item144 98 13 136 138 
		Item145 39 50 137 149 
		Item146 83 33 138 151 
		Item147 99 97 139 158 
		Item148 70 53 140 164 
		Item149 36 58 141 142 
		Item150 69 70 142 147 
		Item151 62 55 143 172 
		Item152 15 52 144 145 
		Item153 96 91 145 166 
		Item154 42 64 146 161 
		Item155 14 84 147 157 
		Item156 55 22 148 150 
		Item157 70 64 149 183 
		Item158 18 90 150 152 
		Item159 95 15 151 156 
		Item160 38 53 152 155 
		Item161 94 17 153 154 
		Item162 55 83 154 165 
		Item163 60 96 155 163 
		Item164 85 62 156 159 
		Item165 91 45 157 160 
		Item166 78 72 158 178 
		Item167 13 55 159 162 
		Item168 39 100 160 179 
		Item169 55 25 161 169 
		Item170 59 82 162 170 
		Item171 53 26 163 167 
		Item172 84 88 164 174 
		Item173 52 40 165 168 
		Item174 97 24 166 171 
		Item175 86 86 167 182 
		Item176 81 63 168 173 
		Item177 82 72 169 177 
		Item178 26 37 170 180 
		Item179 67 84 171 194 
		Item180 61 55 172 176 
		Item181 62 48 173 202 
		Item182 64 16 174 175 
		Item183 68 100 175 186 
		Item184 86 77 176 185 
		Item185 23 65 177 195 
		Item186 82 24 178 187 
		Item187 32 85 179 215 
		Item188 70 22 180 181 
		Item189 62 75 181 193 
		Item190 17 33 182 184 
		Item191 56 20 183 197 
		Item192 58 62 184 212 
		Item193 53 27 185 190 
		Item194 10 84 186 188 
		Item195 55 58 187 192 
		Item196 99 55 188 189 
		Item197 33 99 189 196 
		Item198 43 49 190 191 
		Item199 28 34 191 222 
		Item200 87 82 192 214 
		Item201 59 12 193 198 
		Item202 30 11 194 200 
		Item203 93 19 195 211 
		Item204 66 62 196 203 
		Item205 95 89 197 204 
		Item206 79 51 198 199 
		Item207 10 71 199 213 
		Item208 26 90 200 201 
		Item209 41 11 201 206 
		Item210 20 37 202 208 
		Item211 85 24 203 205 
		Item212 93 67 204 223 
		Item213 25 69 205 207 
		Item214 38 79 206 210 
		Item215 11 71 207 209 
		Item216 11 22 208 217 
		Item217 44 33 209 221 
		Item218 28 27 210 232 
		Item219 17 94 211 216 
		Item220 42 12 212 219 
		Item221 94 74 213 225 
		Item222 52 29 214 236 
		Item223 70 63 215 238 
		Item224 45 39 216 218 
		Item225 40 46 217 228 
		Item226 21 27 218 220 
		Item227 51 21 219 226 
		Item228 12 59 220 224 
		Item229 58 24 221 240 
		Item230 20 34 222 233 
		Item231 43 95 223 227 
		Item232 36 19 224 244 
		Item233 64 44 225 249 
		Item234 58 81 226 230 
		Item235 96 27 227 234 
		Item236 90 81 228 229 
		Item237 97 91 229 231 
		Item238 89 54 230 247 
		Item239 13 27 231 242 
		Item240 31 83 232 237 
		Item241 55 38 233 253 
		Item242 89 25 234 235 
		Item243 60 14 235 252 
		Item244 43 98 236 241 
		Item245 25 67 237 239 
		Item246 70 36 238 243 
		Item247 22 14 239 248 
		Item248 79 42 240 245 
		Item249 46 73 241 266 
		Item250 96 88 242 246 
		Item251 64 35 243 255 
		Item252 31 28 244 259 
		Item253 82 100 245 273 
		Item254 11 40 246 274 
		Item255 88 20 247 250 
		Item256 11 56 248 251 
		Item257 32 57 249 257 
		Item258 46 19 250 256 
		Item259 49 93 251 260 
		Item260 39 11 252 254 
		Item261 88 42 253 262 
		Item262 91 67 254 265 
		Item263 20 21 255 268 
		Item264 92 69 256 258 
		Item265 28 94 257 261 
		Item266 82 21 258 263 
		Item267 66 68 259 292 
		Item268 97 92 260 264 
		Item269 66 94 261 271 
		Item270 13 96 262 270 
		Item271 30 22 263 278 
		Item272 21 95 264 294 
		Item273 18 52 265 277 
		Item274 93 18 266 267 
		Item275 77 73 267 269 
		Item276 54 90 268 286 
		Item277 84 84 269 272 
		Item278 45 28 270 289 
		Item279 51 82 271 276 
		Item280 26 24 272 280 
		Item281 79 86 273 275 
		Item282 47 21 274 281 
		Item283 72 11 275 282 
		Item284 73 87 276 299 
		Item285 62 86 277 279 
		Item286 56 100 278 291 
		Item287 59 34 279 297 
		Item288 44 86 280 284 
		Item289 98 52 281 306 
		Item290 99 48 282 283 
		Item291 36 95 283 285 
		Item292 71 27 284 288 
		Item293 46 80 285 287 
		Item294 59 31 286 303 
		Item295 73 66 287 290 
		Item296 70 30 288 296 
		Item297 18 73 289 293 
		Item298 45 100 290 295 
		Item299 80 55 291 298 
		Item300 56 31 292 350 
		Item301 31 28 293 300 
		Item302 18 31 294 304 
		Item303 22 11 295 301 
		Item304 85 31 296 302 
		Item305 81 40 297 320 
		Item306 47 90 298 309 
		Item307 36 24 299 307 
		Item308 84 70 300 305 
		Item309 38 48 301 319 
		Item310 35 15 302 308 
		Item311 54 65 303 311 
		Item312 40 50 304 323 
		Item313 40 68 305 310 
		Item314 82 97 306 351 
		Item315 28 36 307 312 
		Item316 55 34 308 313 
		Item317 39 72 309 314 
		Item318 82 87 310 316 
		Item319 16 79 311 318 
		Item320 66 28 312 315 
		Item321 18 21 313 324 
		Item322 37 31 314 326 
		Item323 13 43 315 321 
		Item324 50 37 316 317 
		Item325 45 10 317 327 
		Item326 80 47 318 328 
		Item327 80 89 319 334 
		Item328 76 61 320 322 
		Item329 15 55 321 325 
		Item330 69 62 322 330 
		Item331 50 88 323 338 
		Item332 24 85 324 335 
		Item333 92 23 325 329 
		Item334 90 95 326 331 
		Item335 31 53 327 332 
		Item336 48 34 328 346 
		Item337 37 93 329 358 
		Item338 86 76 330 343 
		Item339 29 67 331 356 
		Item340 13 51 332 333 
		Item341 84 11 333 337 
		Item342 30 30 334 336 
		Item343 71 15 335 344 
		Item344 40 80 336 340 
		Item345 85 95 337 339 
		Item346 51 54 338 353 
		Item347 30 22 339 342 
		Item348 19 75 340 341 
		Item349 34 91 341 345 
		Item350 76 34 342 352 
		Item351 100 34 343 361 
		Item352 84 27 344 360 
		Item353 44 38 345 374 
		Item354 65 64 346 347 
		Item355 65 48 347 348 
		Item356 50 67 348 349 
		Item357 10 36 349 354 
		Item358 50 75 350 359 
		Item359 73 78 351 357 
		Item360 15 50 352 368 
		Item361 72 24 353 362 
		Item362 96 70 354 355 
		Item363 62 14 355 364 
		Item364 44 23 356 365 
		Item365 97 32 357 363 
		Item366 22 66 358 382 
		Item367 92 37 359 366 
		Item368 99 93 360 381 
		Item369 36 14 361 369 
		Item370 41 57 362 370 
		Item371 46 34 363 371 
		Item372 70 70 364 387 
		Item373 65 90 365 367 
		Item374 21 41 366 375 
		Item375 51 87 367 397 
		Item376 25 15 368 372 
		Item377 86 62 369 380 
		Item378 90 58 370 383 
		Item379 73 84 371 377 
		Item380 20 56 372 373 
		Item381 78 91 373 392 
		Item382 25 93 374 376 
		Item383 77 31 375 379 
		Item384 16 75 376 388 
		Item385 54 11 377 378 
		Item386 34 47 378 384 
		Item387 95 20 379 386 
		Item388 12 53 380 390 
		Item389 58 20 381 389 
		Item390 48 77 382 385 
		Item391 88 65 383 423 
		Item392 93 64 384 399 
		Item393 69 79 385 411 
		Item394 49 51 386 391 
		Item395 14 17 387 400 
		Item396 89 49 388 395 
		Item397 62 88 389 394 
		Item398 91 66 390 396 
		Item399 66 98 391 403 
		Item400 64 12 392 393 
		Item401 55 61 393 402 
		Item402 48 43 394 398 
		Item403 89 27 395 413 
		Item404 29 50 396 404 
		Item405 86 54 397 405 
		Item406 72 88 398 401 
		Item407 34 61 399 430 
		Item408 95 15 400 419 
		Item409 10 62 401 407 
		Item410 23 36 402 416 
		Item411 58 50 403 409 
		Item412 24 84 404 406 
		Item413 81 21 405 410 
		Item414 83 32 406 408 
		Item415 81 57 407 414 
		Item416 45 59 408 415 
		Item417 26 24 409 442 
		Item418 62 76 410 412 
		Item419 15 76 411 417 
		Item420 100 14 412 420 
		Item421 17 82 413 424 
		Item422 62 95 414 427 
		Item423 91 39 415 421 
		Item424 25 83 416 418 
		Item425 84 16 417 428 
		Item426 69 92 418 434 
		Item427 95 17 419 422 
		Item428 22 91 420 425 
		Item429 91 28 421 432 
		Item430 81 64 422 436 
		Item431 88 33 423 443 
		Item432 48 28 424 429 
		Item433 68 47 425 426 
		Item434 46 24 426 445 
		Item435 66 51 427 437 
		Item436 46 18 428 440 
		Item437 82 24 429 431 
		Item438 90 41 430 435 
		Item439 54 91 431 477 
		Item440 82 52 432 433 
		Item441 35 67 433 444 
		Item442 86 70 434 441 
		Item443 70 25 435 466 
		Item444 85 97 436 439 
		Item445 68 87 437 438 
		Item446 70 79 438 468 
		Item447 61 77 439 456 
		Item448 90 37 440 448 
		Item449 21 56 441 452 
		Item450 93 66 442 449 
		Item451 90 36 443 450 
		Item452 74 70 444 446 
		Item453 88 78 445 462 
		Item454 74 84 446 447 
		Item455 18 49 447 461 
		Item456 18 92 448 459 
		Item457 81 96 449 451 
		Item458 80 12 450 454 
		Item459 23 34 451 460 
		Item460 71 79 452 453 
		Item461 19 90 453 457 
		Item462 78 98 454 455 
		Item463 100 75 455 458 
		Item464 41 35 456 481 
		Item465 46 60 457 467 
		Item466 55 19 458 470 
		Item467 53 41 459 463 
		Item468 65 96 460 475 
		Item469 60 32 461 464 
		Item470 41 31 462 473 
		Item471 80 47 463 474 
		Item472 71 23 464 465 
		Item473 19 83 465 469 
		Item474 14 80 466 479 
		Item475 17 23 467 485 
		Item476 63 27 468 478 
		Item477 65 65 469 471 
		Item478 48 100 470 472 
		Item479 51 45 471 480 
		Item480 67 87 472 482 
		Item481 18 11 473 489 
		Item482 64 15 474 476 
		Item483 36 11 475 483 
		Item484 91 62 476 493 
		Item485 22 51 477 523 
		Item486 60 95 478 484 
		Item487 99 58 479 487 
		Item488 67 61 480 494 
		Item489 30 42 481 488 
		Item490 32 89 482 486 
		Item491 62 78 483 500 
		Item492 33 47 484 499 
		Item493 58 29 485 516 
		Item494 57 45 486 491 
		Item495 57 14 487 495 
		Item496 69 15 488 490 
		Item497 52 73 489 492 
		Item498 21 17 490 496 
		Item499 48 86 491 497 
		Item500 62 31 492 506 
		Item501 45 33 493 502 
		Item502 14 28 494 501 
		Item503 41 85 495 510 
		Item504 85 75 496 534 
		Item505 42 100 497 498 
		Item506 39 57 498 519 
		Item507 77 48 499 505 
		Item508 13 76 500 509 
		Item509 79 69 501 504 
		Item510 12 50 502 503 
		Item511 15 27 503 507 
		Item512 78 11 504 512 
		Item513 77 58 505 513 
		Item514 100 13 506 533 
		Item515 42 98 507 508 
		Item516 17 96 508 511 
		Item517 14 24 509 517 
		Item518 12 74 510 514 
		Item519 98 50 511 515 
		Item520 90 60 512 518 
		Item521 100 25 513 535 
		Item522 38 44 514 528 
		Item523 30 69 515 522 
		Item524 46 100 516 524 
		Item525 34 67 517 529 
		Item526 14 35 518 521 
		Item527 98 84 519 520 
		Item528 45 26 520 551 
		Item529 58 92 521 550 
		Item530 56 20 522 539 
		Item531 54 39 523 526 
		Item532 89 19 524 525 
		Item533 51 58 525 527 
		Item534 76 63 526 530 
		Item535 81 81 527 537 
		Item536 34 20 528 531 
		Item537 71 93 529 541 
		Item538 80 13 530 532 
		Item539 66 30 531 542 
		Item540 91 95 532 540 
		Item541 38 48 533 552 
		Item542 26 67 534 538 
		Item543 71 91 535 536 
		Item544 32 43 536 547 
		Item545 69 19 537 562 
		Item546 38 72 538 545 
		Item547 88 38 539 544 
		Item548 91 30 540 553 
		Item549 87 41 541 543 
		Item550 97 87 542 556 
		Item551 53 62 543 549 
		Item552 97 74 544 548 
		Item553 64 39 545 546 
		Item554 41 63 546 584 
		Item555 99 18 547 554 
		Item556 64 91 548 566 
		Item557 59 51 549 557 
		Item558 21 21 550 563 
		Item559 78 74 551 576 
		Item560 54 59 552 555 
		Item561 38 96 553 575 
		Item562 17 34 554 560 
		Item563 67 71 555 567 
		Item564 13 12 556 558 
		Item565 14 55 557 559 
		Item566 39 97 558 561 
		Item567 61 85 559 565 
		Item568 15 14 560 570 
		Item569 83 67 561 585 
		Item570 89 29 562 568 
		Item571 62 66 563 564 
		Item572 62 20 564 587 
		Item573 57 42 565 573 
		Item574 81 16 566 569 
		Item575 93 96 567 588 
		Item576 38 94 568 590 
		Item577 79 46 569 577 
		Item578 95 86 570 571 
		Item579 99 28 571 572 
		Item580 82 60 572 574 
		Item581 79 41 573 581 
		Item582 16 73 574 578 
		Item583 18 77 575 582 
		Item584 90 81 576 598 
		Item585 85 66 577 579 
		Item586 64 56 578 580 
		Item587 94 35 579 593 
		Item588 51 33 580 592 
		Item589 59 12 581 619 
		Item590 51 57 582 583 
		Item591 30 43 583 586 
		Item592 24 90 584 589 
		Item593 59 85 585 594 
		Item594 28 62 586 608 
		Item595 67 26 587 596 
		Item596 70 18 588 615 
		Item597 29 56 589 597 
		Item598 63 88 590 591 
		Item599 25 81 591 609 
		Item600 31 28 592 611 
		Item601 47 12 593 595 
		Item602 98 25 594 599 
		Item603 72 84 595 604 
		Item604 83 41 596 600 
		Item605 71 76 597 605 
		Item606 69 36 598 603 
		Item607 16 20 599 601 
		Item608 87 33 600 602 
		Item609 62 51 601 607 
		Item610 34 74 602 610 
		Item611 56 88 603 613 
		Item612 53 35 604 622 
		Item613 89 67 605 606 
		Item614 44 83 606 621 
		Item615 25 58 607 617 
		Item616 88 51 608 616 
		Item617 47 93 609 620 
		Item618 57 28 610 612 
		Item619 89 42 611 614 
		Item620 66 51 612 632 
		Item621 56 85 613 661 
		Item622 12 95 614 623 
		Item623 98 46 615 630 
		Item624 49 93 616 637 
		Item625 97 37 617 618 
		Item626 15 93 618 631 
		Item627 68 93 619 624 
		Item628 34 70 620 626 
		Item629 41 90 621 629 
		Item630 36 86 622 634 
		Item631 92 19 623 656 
		Item632 94 43 624 625 
		Item633 24 84 625 627 
		Item634 37 92 626 628 
		Item635 83 100 627 635 
		Item636 11 12 628 638 
		Item637 79 15 629 636 
		Item638 64 81 630 647 
		Item639 77 94 631 640 
		Item640 25 26 632 633 
		Item641 94 22 633 642 
		Item642 62 20 634 641 
		Item643 57 37 635 650 
		Item644 47 61 636 680 
		Item645 54 59 637 645 
		Item646 65 71 638 639 
		Item647 25 64 639 649 
		Item648 83 69 640 643 
		Item649 16 34 641 644 
		Item650 42 72 642 657 
		Item651 92 38 643 652 
		Item652 61 68 644 646 
		Item653 65 38 645 651 
		Item654 63 92 646 648 
		Item655 43 52 647 654 
		Item656 50 59 648 663 
		Item657 22 42 649 653 
		Item658 20 54 650 678 
		Item659 62 15 651 659 
		Item660 60 11 652 709 
		Item661 55 25 653 667 
		Item662 50 34 654 655 
		Item663 34 49 655 658 
		Item664 26 45 656 664 
		Item665 80 17 657 660 
		Item666 27 42 658 662 
		Item667 95 24 659 666 
		Item668 93 40 660 665 
		Item669 26 73 661 668 
		Item670 50 11 662 675 
		Item671 39 24 663 692 
		Item672 16 61 664 670 
		Item673 46 43 665 669 
		Item674 27 35 666 671 
		Item675 82 76 667 672 
		Item676 37 71 668 683 
		Item677 82 53 669 676 
		Item678 56 87 670 673 
		Item679 60 56 671 681 
		Item680 96 99 672 679 
		Item681 43 49 673 674 
		Item682 53 93 674 684 
		Item683 93 54 675 677 
		Item684 93 28 676 696 
		Item685 19 80 677 685 
		Item686 98 97 678 701 
		Item687 91 32 679 690 
		Item688 21 38 680 682 
		Item689 89 87 681 700 
		Item690 66 19 682 689 
		Item691 33 81 683 686 
		Item692 95 41 684 693 
		Item693 98 63 685 687 
		Item694 75 91 686 688 
		Item695 84 60 687 694 
		Item696 22 100 688 699 
		Item697 13 64 689 691 
		Item698 15 64 690 695 
		Item699 11 63 691 704 
		Item700 94 71 692 716 
		Item701 17 17 693 708 
		Item702 17 75 694 698 
		Item703 22 48 695 715 
		Item704 87 13 696 697 
		Item705 86 95 697 702 
		Item706 44 13 698 706 
		Item707 48 31 699 703 
		Item708 73 11 700 728 
		Item709 10 87 701 714 
		Item710 15 94 702 707 
		Item711 82 95 703 713 
		Item712 27 32 704 705 
		Item713 26 38 705 711 
		Item714 22 92 706 710 
		Item715 83 90 707 723 
		Item716 38 43 708 712 
		Item717 23 61 709 721 
		Item718 12 60 710 738 
		Item719 19 45 711 730 
		Item720 80 23 712 717 
		Item721 87 72 713 722 
		Item722 89 12 714 719 
		Item723 81 27 715 724 
		Item724 19 93 716 720 
		Item725 99 71 717 718 
		Item726 97 14 718 725 
		Item727 88 16 719 733 
		Item728 85 94 720 729 
		Item729 62 44 721 726 
		Item730 25 70 722 736 
		Item731 12 37 723 754 
		Item732 80 29 724 740 
		Item733 63 46 725 727 
		Item734 39 19 726 731 
		Item735 87 37 727 732 
		Item736 63 43 728 734 
		Item737 86 81 729 742 
		Item738 59 48 730 737 
		Item739 43 13 731 750 
		Item740 20 73 732 744 
		Item741 37 97 733 741 
		Item742 12 36 734 735 
		Item743 40 66 735 751 
		Item744 86 32 736 739 
		Item745 17 84 737 758 
		Item746 81 82 738 746 
		Item747 69 77 739 743 
		Item748 30 40 740 753 
		Item749 91 25 741 756 
		Item750 61 31 742 745 
		Item751 28 47 743 749 
		Item752 32 76 744 760 
		Item753 79 84 745 747 
		Item754 38 100 746 748 
		Item755 14 50 747 759 
		Item756 72 19 748 763 
		Item757 62 78 749 752 
		Item758 12 31 750 777 
		Item759 98 53 751 776 
		Item760 37 92 752 767 
		Item761 16 27 753 757 
		Item762 83 59 754 755 
		Item763 94 61 755 764 
		Item764 98 25 756 761 
		Item765 96 41 757 798 
		Item766 92 94 758 762 
		Item767 90 49 759 770 
		Item768 22 52 760 778 
		Item769 23 80 761 768 
		Item770 14 65 762 774 
		Item771 49 31 763 769 
		Item772 20 20 764 765 
		Item773 90 40 765 766 
		Item774 27 56 766 780 
		Item775 70 12 767 771 
		Item776 75 82 768 773 
		Item777 89 96 769 772 
		Item778 62 49 770 808 
		Item779 35 22 771 789 
		Item780 42 49 772 779 
		Item781 67 87 773 775 
		Item782 51 58 774 781 
		Item783 86 23 775 792 
		Item784 79 93 776 786 
		Item785 45 14 777 788 
		Item786 22 35 778 784 
		Item787 16 67 779 796 
		Item788 17 16 780 782 
		Item789 24 26 781 787 
		Item790 78 15 782 783 
		Item791 60 67 783 785 
		Item792 72 88 784 810 
		Item793 40 96 785 816 
		Item794 49 35 786 794 
		Item795 65 46 787 795 
		Item796 22 100 788 790 
		Item797 44 10 789 791 
		Item798 74 66 790 801 
		Item799 59 61 791 793 
		Item800 87 93 792 809 
		Item801 49 93 793 799 
		Item802 22 52 794 797 
		Item803 81 95 795 803 
		Item804 46 51 796 802 
		Item805 96 24 797 800 
		Item806 48 25 798 822 
		Item807 20 95 799 831 
		Item808 23 56 800 804 
		Item809 28 44 801 813 
		Item810 98 96 802 807 
		Item811 78 31 803 806 
		Item812 27 97 804 805 
		Item813 62 27 805 814 
		Item814 55 99 806 820 
		Item815 47 11 807 819 
		Item816 41 54 808 811 
		Item817 34 31 809 817 
		Item818 80 81 810 815 
		Item819 70 94 811 812 
		Item820 10 20 812 839 
		Item821 79 44 813 826 
		Item822 99 18 814 818 
		Item823 17 97 815 825 
		Item824 22 40 816 824 
		Item825 98 65 817 821 
		Item826 33 87 818 834 
		Item827 11 98 819 823 
		Item828 82 75 820 829 
		Item829 22 100 821 833 
		Item830 69 73 822 842 
		Item831 39 23 823 830 
		Item832 70 66 824 827 
		Item833 43 93 825 832 
		Item834 23 17 826 841 
		Item835 29 41 827 828 
		Item836 49 96 828 836 
		Item837 74 15 829 835 
		Item838 57 69 830 846 
		Item839 35 99 831 891 
		Item840 11 35 832 853 
		Item841 88 23 833 840 
		Item842 38 42 834 837 
		Item843 90 29 835 904 
		Item844 42 15 836 845 
		Item845 94 50 837 838 
		Item846 52 13 838 844 
		Item847 43 86 839 847 
		Item848 20 11 840 857 
		Item849 38 44 841 849 
		Item850 58 49 842 843 
		Item851 94 49 843 878 
		Item852 14 46 844 848 
		Item853 73 81 845 855 
		Item854 53 72 846 851 
		Item855 96 37 847 850 
		Item856 61 42 848 893 
		Item857 73 10 849 861 
		Item858 67 28 850 862 
		Item859 22 62 851 852 
		Item860 55 81 852 854 
		Item861 40 71 853 858 
		Item862 43 72 854 860 
		Item863 83 12 855 856 
		Item864 61 41 856 859 
		Item865 83 90 857 875 
		Item866 48 48 858 863 
		Item867 72 63 859 865 
		Item868 84 98 860 866 
		Item869 40 39 861 864 
		Item870 46 57 862 874 
		Item871 55 71 863 867 
		Item872 53 84 864 868 
		Item873 40 21 865 869 
		Item874 89 58 866 873 
		Item875 79 14 867 892 
		Item876 39 19 868 872 
		Item877 83 10 869 870 
		Item878 33 32 870 871 
		Item879 29 22 871 877 
		Item880 19 52 872 876 
		Item881 100 31 873 883 
		Item882 76 51 874 889 
		Item883 70 38 875 879 
		Item884 77 47 876 880 
		Item885 26 76 877 884 
		Item886 18 56 878 888 
		Item887 68 26 879 882 
		Item888 15 51 880 881 
		Item889 27 100 881 907 
		Item890 97 56 882 887 
		Item891 10 20 883 903 
		Item892 92 47 884 885 
		Item893 22 36 885 886 
		Item894 95 100 886 890 
		Item895 39 77 887 902 
		Item896 88 77 888 895 
		Item897 39 56 889 894 
		Item898 47 53 890 900 
		Item899 29 76 891 905 
		Item900 20 77 892 898 
		Item901 15 37 893 944 
		Item902 82 36 894 896 
		Item903 42 83 895 901 
		Item904 66 95 896 897 
		Item905 64 27 897 909 
		Item906 99 71 898 899 
		Item907 34 17 899 906 
		Item908 82 41 900 916 
		Item909 48 39 901 922 
		Item910 68 30 902 911 
		Item911 36 69 903 914 
		Item912 50 56 904 915 
		Item913 31 82 905 912 
		Item914 72 68 906 908 
		Item915 100 78 907 910 
		Item916 70 29 908 925 
		Item917 34 68 909 913 
		Item918 77 92 910 929 
		Item919 69 34 911 919 
		Item920 91 53 912 917 
		Item921 34 62 913 930 
		Item922 46 74 914 921 
		Item923 50 91 915 918 
		Item924 63 81 916 920 
		Item925 95 46 917 933 
		Item926 91 41 918 975 
		Item927 50 90 919 927 
		Item928 58 68 920 923 
		Item929 63 75 921 940 
		Item930 31 37 922 926 
		Item931 77 11 923 924 
		Item932 12 50 924 953 
		Item933 21 51 925 928 
		Item934 59 63 926 935 
		Item935 27 100 927 941 
		Item936 60 41 928 963 
		Item937 21 27 929 931 
		Item938 11 77 930 947 
		Item939 47 45 931 932 
		Item940 42 97 932 934 
		Item941 17 81 933 939 
		Item942 58 32 934 936 
		Item943 29 91 935 955 
		Item944 16 94 936 937 
		Item945 62 10 937 938 
		Item946 76 20 938 942 
		Item947 81 91 939 956 
		Item948 42 27 940 948 
		Item949 41 88 941 943 
		Item950 21 66 942 946 
		Item951 50 25 943 951 
		Item952 89 31 944 945 
		Item953 57 58 945 949 
		Item954 59 89 946 1006 
		Item955 53 99 947 960 
		Item956 21 35 948 959 
		Item957 82 31 949 950 
		Item958 40 14 950 957 
		Item959 55 32 951 952 
		Item960 57 83 952 954 
		Item961 50 61 953 958 
		Item962 35 97 954 961 
		Item963 35 49 955 983 
		Item964 94 54 956 962 
		Item965 72 28 957 965 
		Item966 58 78 958 968 
		Item967 54 88 959 970 
		Item968 37 86 960 977 
		Item969 82 19 961 966 
		Item970 30 69 962 964 
		Item971 17 15 963 971 
		Item972 48 45 964 972 
		Item973 91 76 965 967 
		Item974 72 12 966 980 
		Item975 30 72 967 969 
		Item976 35 60 968 999 
		Item977 81 64 969 974 
		Item978 33 10 970 973 
		Item979 92 82 971 985 
		Item980 46 64 972 979 
		Item981 51 93 973 992 
		Item982 23 94 974 976 
		Item983 42 59 975 981 
		Item984 43 52 976 984 
		Item985 72 81 977 978 
		Item986 53 88 978 982 
		Item987 10 55 979 987 
		Item988 100 18 980 1022 
		Item989 87 41 981 986 
		Item990 98 84 982 1003 
		Item991 96 39 983 988 
		Item992 17 98 984 990 
		Item993 54 75 985 989 
		Item994 12 49 986 1009 
		Item995 63 44 987 1002 
		Item996 64 16 988 991 
		Item997 10 81 989 1005 
		Item998 58 46 990 993 
		Item999 72 93 991 994 
		Item1000 91 30 992 1012 
		Item1001 27 81 993 997 
		Item1002 98 60 994 995 
		Item1003 35 31 995 996 
		Item1004 79 76 996 998 
		Item1005 24 63 997 1007 
		Item1006 94 13 998 1001 
		Item1007 10 51 999 1000 
		Item1008 11 10 1000 1016 
		Item1009 60 63 1001 1004 
		Item1010 47 19 1002 1014 
		Item1011 55 70 1003 1008 
		Item1012 57 69 1004 1027 
		Item1013 92 96 1005 1010 
		Item1014 63 60 1006 1017 
		Item1015 94 11 1007 1028 
		Item1016 27 92 1008 1011 
		Item1017 49 35 1009 1032 
		Item1018 62 86 1010 1015 
		Item1019 16 66 1011 1013 
		Item1020 95 58 1012 1019 
		Item1021 49 15 1013 1024 
		Item1022 67 98 1014 1029 
		Item1023 33 78 1015 1055 
		Item1024 32 97 1016 1021 
		Item1025 52 30 1017 1018 
		Item1026 63 74 1018 1020 
		Item1027 88 80 1019 1023 
		Item1028 56 46 1020 1030 
		Item1029 27 72 1021 1025 
		Item1030 47 15 1022 1026 
		Item1031 34 99 1023 1046 
		Item1032 56 30 1024 1031 
		Item1033 17 12 1025 1037 
		Item1034 63 44 1026 1043 
		Item1035 90 28 1027 1034 
		Item1036 92 39 1028 1040 
		Item1037 92 71 1029 1045 
		Item1038 26 80 1030 1033 
		Item1039 86 13 1031 1047 
		Item1040 39 29 1032 1042 
		Item1041 70 83 1033 1039 
		Item1042 72 57 1034 1035 
		Item1043 40 67 1035 1036 
		Item1044 20 64 1036 1038 
		Item1045 95 64 1037 1053 
		Item1046 42 89 1038 1044 
		Item1047 70 38 1039 1041 
		Item1048 66 38 1040 1057 
		Item1049 63 86 1041 1051 
		Item1050 37 87 1042 1064 
		Item1051 61 58 1043 1048 
		Item1052 42 86 1044 1049 
		Item1053 79 79 1045 1054 
		Item1054 19 22 1046 1073 
		Item1055 96 43 1047 1052 
		Item1056 11 60 1048 1061 
		Item1057 14 93 1049 1050 
		Item1058 49 85 1050 1058 
		Item1059 89 85 1051 1069 
		Item1060 27 80 1052 1056 
		Item1061 58 46 1053 1067 
		Item1062 13 26 1054 1100 
		Item1063 72 68 1055 1060 
		Item1064 28 59 1056 1075 
		Item1065 15 87 1057 1063 
		Item1066 42 25 1058 1059 
		Item1067 92 93 1059 1086 
		Item1068 38 41 1060 1068 
		Item1069 58 55 1061 1062 
		Item1070 27 84 1062 1065 
		Item1071 29 95 1063 1066 
		Item1072 46 89 1064 1077 
		Item1073 77 28 1065 1070 
		Item1074 48 39 1066 1071 
		Item1075 52 86 1067 1081 
		Item1076 83 76 1068 1080 
		Item1077 68 17 1069 1078 
		Item1078 32 51 1070 1089 
		Item1079 95 99 1071 1072 
		Item1080 59 60 1072 1074 
		Item1081 75 48 1073 1079 
		Item1082 88 73 1074 1092 
		Item1083 49 40 1075 1076 
		Item1084 10 41 1076 1084 
		Item1085 100 80 1077 1095 
		Item1086 38 84 1078 1122 
		Item1087 53 58 1079 1082 
		Item1088 63 44 1080 1085 
		Item1089 100 71 1081 1083 
		Item1090 88 83 1082 1115 
		Item1091 66 75 1083 1091 
		Item1092 35 56 1084 1088 
		Item1093 23 17 1085 1087 
		Item1094 20 35 1086 1098 
		Item1095 39 58 1087 1090 
		Item1096 14 16 1088 1097 
		Item1097 100 24 1089 1093 
		Item1098 74 95 1090 1116 
		Item1099 47 61 1091 1102 
		Item1100 74 31 1092 1094 
		Item1101 22 46 1093 1096 
		Item1102 75 63 1094 1106 
		Item1103 70 91 1095 1117 
		Item1104 27 68 1096 1110 
		Item1105 49 61 1097 1099 
		Item1106 91 51 1098 1123 
		Item1107 93 46 1099 1103 
		Item1108 35 46 1100 1101 
		Item1109 35 95 1101 1105 
		Item1110 99 75 1102 1104 
		Item1111 26 71 1103 1112 
		Item1112 32 31 1104 1114 
		Item1113 62 88 1105 1107 
		Item1114 57 63 1106 1111 
		Item1115 62 31 1107 1108 
		Item1116 33 21 1108 1109 
		Item1117 32 60 1109 1113 
		Item1118 98 59 1110 1140 
		Item1119 29 18 1111 1126 
		Item1120 96 45 1112 1146 
		Item1121 91 41 1113 1124 
		Item1122 18 71 1114 1119 
		Item1123 24 54 1115 1127 
		Item1124 52 88 1116 1118 
		Item1125 37 36 1117 1120 
		Item1126 55 98 1118 1121 
		Item1127 82 32 1119 1130 
		Item1128 18 49 1120 1128 
		Item1129 60 72 1121 1138 
		Item1130 93 77 1122 1137 
		Item1131 22 36 1123 1125 
		Item1132 69 26 1124 1133 
		Item1133 97 80 1125 1136 
		Item1134 78 60 1126 1135 
		Item1135 57 56 1127 1129 
		Item1136 92 55 1128 1134 
		Item1137 61 88 1129 1131 
		Item1138 44 98 1130 1141 
		Item1139 54 52 1131 1132 
		Item1140 98 82 1132 1147 
		Item1141 12 46 1133 1143 
		Item1142 57 41 1134 1149 
		Item1143 86 19 1135 1139 
		Item1144 67 31 1136 1151 
		Item1145 93 18 1137 1156 
		Item1146 80 57 1138 1148 
		Item1147 20 28 1139 1150 
		Item1148 91 70 1140 1142 
		Item1149 88 57 1141 1144 
		Item1150 17 76 1142 1145 
		Item1151 63 63 1143 1153 
		Item1152 31 28 1144 1186 
		Item1153 63 98 1145 1158 
		Item1154 70 49 1146 1170 
		Item1155 37 38 1147 1160 
		Item1156 22 17 1148 1157 
		Item1157 30 51 1149 1152 
		Item1158 24 73 1150 1154 
		Item1159 40 57 1151 1155 
		Item1160 48 58 1152 1159 
		Item1161 41 57 1153 1171 
		Item1162 38 56 1154 1188 
		Item1163 22 44 1155 1165 
		Item1164 63 41 1156 1162 
		Item1165 18 99 1157 1168 
		Item1166 16 47 1158 1161 
		Item1167 46 42 1159 1166 
		Item1168 63 17 1160 1173 
		Item1169 74 99 1161 1164 
		Item1170 32 91 1162 1163 
		Item1171 20 32 1163 1167 
		Item1172 60 19 1164 1178 
		Item1173 16 94 1165 1193 
		Item1174 72 79 1166 1175 
		Item1175 56 85 1167 1180 
		Item1176 98 38 1168 1169 
		Item1177 44 97 1169 1177 
		Item1178 96 49 1170 1194 
		Item1179 89 60 1171 1172 
		Item1180 43 23 1172 1183 
		Item1181 97 15 1173 1174 
		Item1182 33 16 1174 1176 
		Item1183 24 81 1175 1184 
		Item1184 55 73 1176 1185 
		Item1185 77 37 1177 1179 
		Item1186 76 13 1178 1189 
		Item1187 10 48 1179 1197 
		Item1188 100 49 1180 1181 
		Item1189 17 82 1181 1182 
		Item1190 79 92 1182 1218 
		Item1191 66 95 1183 1187 
		Item1192 18 16 1184 1207 
		Item1193 19 48 1185 1200 
		Item1194 26 44 1186 1190 
		Item1195 40 81 1187 1191 
		Item1196 33 25 1188 1203 
		Item1197 95 46 1189 1192 
		Item1198 44 60 1190 1195 
		Item1199 58 28 1191 1198 
		Item1200 25 20 1192 1202 
		Item1201 70 81 1193 1208 
		Item1202 86 37 1194 1196 
		Item1203 97 74 1195 1206 
		Item1204 53 74 1196 1205 
		Item1205 70 100 1197 1220 
		Item1206 26 59 1198 1199 
		Item1207 53 60 1199 1239 
		Item1208 16 35 1200 1201 
		Item1209 69 40 1201 1238 
		Item1210 28 46 1202 1204 
		Item1211 89 34 1203 1217 
		Item1212 42 80 1204 1211 
		Item1213 83 62 1205 1213 
		Item1214 49 92 1206 1209 
		Item1215 43 21 1207 1212 
		Item1216 90 63 1208 1210 
		Item1217 95 37 1209 1223 
		Item1218 76 63 1210 1214 
		Item1219 42 91 1211 1222 
		Item1220 55 24 1212 1219 
		Item1221 10 84 1213 1215 
		Item1222 20 35 1214 1247 
		Item1223 99 14 1215 1216 
		Item1224 33 79 1216 1224 
		Item1225 61 33 1217 1237 
		Item1226 96 26 1218 1221 
		Item1227 82 73 1219 1264 
		Item1228 20 77 1220 1229 
		Item1229 56 54 1221 1225 
		Item1230 68 54 1222 1228 
		Item1231 67 57 1223 1226 
		Item1232 96 48 1224 1231 
		Item1233 28 26 1225 1227 
		Item1234 59 11 1226 1232 
		Item1235 80 30 1227 1233 
		Item1236 56 86 1228 1235 
		Item1237 16 91 1229 1230 
		Item1238 100 21 1230 1240 
		Item1239 33 87 1231 1234 
		Item1240 30 81 1232 1242 
		Item1241 51 27 1233 1259 
		Item1242 98 51 1234 1236 
		Item1243 95 68 1235 1244 
		Item1244 39 93 1236 1245 
		Item1245 56 42 1237 1270 
		Item1246 52 87 1238 1262 
		Item1247 63 51 1239 1241 
		Item1248 36 60 1240 1243 
		Item1249 13 84 1241 1254 
		Item1250 91 11 1242 1248 
		Item1251 23 89 1243 1246 
		Item1252 41 56 1244 1258 
		Item1253 33 92 1245 1249 
		Item1254 31 28 1246 1252 
		Item1255 88 74 1247 1256 
		Item1256 99 55 1248 1250 
		Item1257 50 16 1249 1251 
		Item1258 91 23 1250 1253 
		Item1259 41 33 1251 1260 
		Item1260 83 48 1252 1273 
		Item1261 22 60 1253 1271 
		Item1262 71 88 1254 1255 
		Item1263 95 18 1255 1257 
		Item1264 89 83 1256 1261 
		Item1265 86 10 1257 1300 
		Item1266 58 29 1258 1265 
		Item1267 66 72 1259 1269 
		Item1268 17 84 1260 1267 
		Item1269 37 13 1261 1266 
		Item1270 84 10 1262 1263 
		Item1271 37 48 1263 1279 
		Item1272 53 61 1264 1283 
		Item1273 60 40 1265 1268 
		Item1274 59 55 1266 1278 
		Item1275 25 79 1267 1272 
		Item1276 89 82 1268 1294 
		Item1277 39 84 1269 1288 
		Item1278 29 46 1270 1276 
		Item1279 40 31 1271 1284 
		Item1280 100 56 1272 1274 
		Item1281 73 83 1273 1277 
		Item1282 63 50 1274 1275 
		Item1283 51 56 1275 1290 
		Item1284 18 85 1276 1299 
		Item1285 23 54 1277 1280 
		Item1286 87 33 1278 1286 
		Item1287 75 45 1279 1281 
		Item1288 34 93 1280 1282 
		Item1289 44 61 1281 1316 
		Item1290 33 21 1282 1285 
		Item1291 13 70 1283 1289 
		Item1292 96 60 1284 1295 
		Item1293 100 19 1285 1287 
		Item1294 30 11 1286 1296 
		Item1295 98 62 1287 1293 
		Item1296 16 100 1288 1307 
		Item1297 42 34 1289 1291 
		Item1298 34 84 1290 1314 
		Item1299 49 53 1291 1292 
		Item1300 90 82 1292 1302 
		Item1301 80 79 1293 1298 
		Item1302 61 81 1294 1297 
		Item1303 20 87 1295 1306 
		Item1304 89 59 1296 1311 
		Item1305 63 78 1297 1320 
		Item1306 44 70 1298 1310 
		Item1307 54 76 1299 1301 
		Item1308 67 69 1300 1303 
		Item1309 52 49 1301 1319 
		Item1310 43 19 1302 1304 
		Item1311 17 29 1303 1312 
		Item1312 93 21 1304 1305 
		Item1313 63 11 1305 1309 
		Item1314 22 82 1306 1315 
		Item1315 31 97 1307 1308 
		Item1316 34 36 1308 1324 
		Item1317 72 81 1309 1318 
		Item1318 74 92 1310 1313 
		Item1319 11 78 1311 1317 
		Item1320 30 90 1312 1338 
		Item1321 19 79 1313 1321 
		Item1322 55 32 1314 1331 
		Item1323 74 97 1315 1326 
		Item1324 13 30 1316 1327 
		Item1325 38 44 1317 1342 
		Item1326 29 57 1318 1340 
		Item1327 25 61 1319 1325 
		Item1328 60 82 1320 1322 
		Item1329 60 85 1321 1323 
		Item1330 18 100 1322 1369 
		Item1331 20 61 1323 1330 
		Item1332 43 16 1324 1329 
		Item1333 56 63 1325 1334 
		Item1334 12 96 1326 1328 
		Item1335 24 85 1327 1336 
		Item1336 52 50 1328 1332 
		Item1337 32 31 1329 1335 
		Item1338 64 11 1330 1357 
		Item1339 85 76 1331 1333 
		Item1340 27 76 1332 1337 
		Item1341 25 65 1333 1368 
		Item1342 88 50 1334 1347 
		Item1343 26 11 1335 1351 
		Item1344 33 29 1336 1346 
		Item1345 52 55 1337 1341 
		Item1346 98 25 1338 1339 
		Item1347 38 29 1339 1348 
		Item1348 56 29 1340 1344 
		Item1349 25 45 1341 1365 
		Item1350 73 69 1342 1343 
		Item1351 38 51 1343 1345 
		Item1352 97 15 1344 1349 
		Item1353 47 60 1345 1352 
		Item1354 89 49 1346 1378 
		Item1355 40 48 1347 1355 
		Item1356 70 89 1348 1350 
		Item1357 27 91 1349 1361 
		Item1358 46 98 1350 1353 
		Item1359 13 66 1351 1356 
		Item1360 53 88 1352 1354 
		Item1361 100 53 1353 1366 
		Item1362 22 62 1354 1358 
		Item1363 63 23 1355 1371 
		Item1364 26 99 1356 1359 
		Item1365 87 80 1357 1360 
		Item1366 19 13 1358 1390 
		Item1367 72 11 1359 1396 
		Item1368 44 94 1360 1363 
		Item1369 31 71 1361 1362 
		Item1370 76 39 1362 1364 
		Item1371 18 89 1363 1393 
		Item1372 19 43 1364 1367 
		Item1373 62 59 1365 1380 
		Item1374 52 89 1366 1388 
		Item1375 26 38 1367 1370 
		Item1376 10 51 1368 1375 
		Item1377 11 19 1369 1376 
		Item1378 34 58 1370 1372 
		Item1379 85 70 1371 1374 
		Item1380 40 90 1372 1373 
		Item1381 89 64 1373 1383 
		Item1382 79 23 1374 1377 
		Item1383 89 26 1375 1387 
		Item1384 64 37 1376 1406 
		Item1385 89 82 1377 1379 
		Item1386 77 77 1378 1381 
		Item1387 10 19 1379 1382 
		Item1388 48 64 1380 1392 
		Item1389 89 14 1381 1385 
		Item1390 72 86 1382 1384 
		Item1391 100 49 1383 1386 
		Item1392 94 17 1384 1389 
		Item1393 55 26 1385 1400 
		Item1394 99 74 1386 1408 
		Item1395 10 44 1387 1412 
		Item1396 98 78 1388 1395 
		Item1397 99 84 1389 1391 
		Item1398 54 49 1390 1409 
		Item1399 47 95 1391 1394 
		Item1400 69 90 1392 1403 
		Item1401 42 14 1393 1418 
		Item1402 93 87 1394 1397 
		Item1403 39 40 1395 1398 
		Item1404 90 89 1396 1399 
		Item1405 86 93 1397 1401 
		Item1406 13 98 1398 1411 
		Item1407 56 68 1399 1404 
		Item1408 36 78 1400 1402 
		Item1409 91 65 1401 1407 
		Item1410 50 89 1402 1431 
		Item1411 55 31 1403 1405 
		Item1412 45 65 1404 1413 
		Item1413 92 87 1405 1429 
		Item1414 56 74 1406 1410 
		Item1415 35 59 1407 1416 
		Item1416 14 49 1408 1432 
		Item1417 28 35 1409 1420 
		Item1418 49 27 1410 1415 
		Item1419 56 20 1411 1414 
		Item1420 94 85 1412 1427 
		Item1421 66 20 1413 1422 
		Item1422 79 60 1414 1417 
		Item1423 63 78 1415 1421 
		Item1424 89 19 1416 1419 
		Item1425 68 85 1417 1430 
		Item1426 80 34 1418 1428 
		Item1427 14 44 1419 1425 
		Item1428 30 66 1420 1423 
		Item1429 98 18 1421 1436 
		Item1430 26 85 1422 1424 
		Item1431 70 42 1423 1437 
		Item1432 48 99 1424 1426 
		Item1433 29 33 1425 1451 
		Item1434 62 58 1426 1433 
		Item1435 38 30 1427 1458 
		Item1436 23 41 1428 1440 
		Item1437 42 87 1429 1442 
		Item1438 50 35 1430 1435 
		Item1439 61 72 1431 1441 
		Item1440 33 82 1432 1444 
		Item1441 80 20 1433 1434 
		Item1442 77 32 1434 1446 
		Item1443 53 30 1435 1438 
		Item1444 28 54 1436 1443 
		Item1445 52 48 1437 1439 
		Item1446 99 98 1438 1448 
		Item1447 96 24 1439 1445 
		Item1448 59 98 1440 1459 
		Item1449 30 12 1441 1447 
		Item1450 23 85 1442 1457 
		Item1451 88 63 1443 1450 
		Item1452 68 69 1444 1476 
		Item1453 62 60 1445 1456 
		Item1454 65 80 1446 1463 
		Item1455 13 100 1447 1449 
		Item1456 55 82 1448 1452 
		Item1457 30 35 1449 1454 
		Item1458 94 52 1450 1461 
		Item1459 95 36 1451 1453 
		Item1460 53 90 1452 1482 
		Item1461 19 92 1453 1455 
		Item1462 82 69 1454 1460 
		Item1463 92 89 1455 1462 
		Item1464 70 12 1456 1465 
		Item1465 55 17 1457 1468 
		Item1466 21 42 1458 1469 
		Item1467 36 66 1459 1466 
		Item1468 65 25 1460 1503 
		Item1469 19 86 1461 1464 
		Item1470 50 29 1462 1472 
		Item1471 94 23 1463 1473 
		Item1472 81 37 1464 1471 
		Item1473 55 32 1465 1467 
		Item1474 58 75 1466 1470 
		Item1475 71 67 1467 1475 
		Item1476 39 94 1468 1508 
		Item1477 87 79 1469 1477 
		Item1478 83 58 1470 1474 
		Item1479 37 69 1471 1488 
		Item1480 24 94 1472 1478 
		Item1481 60 95 1473 1489 
		Item1482 54 62 1474 1485 
		Item1483 13 82 1475 1479 
		Item1484 36 56 1476 1484 
		Item1485 11 77 1477 1496 
		Item1486 100 93 1478 1480 
		Item1487 15 16 1479 1481 
		Item1488 81 95 1480 1483 
		Item1489 10 50 1481 1523 
		Item1490 86 25 1482 1486 
		Item1491 43 38 1483 1495 
		Item1492 47 83 1484 1487 
		Item1493 75 74 1485 1504 
		Item1494 46 54 1486 1497 
		Item1495 61 15 1487 1491 
		Item1496 60 89 1488 1494 
		Item1497 96 50 1489 1490 
		Item1498 77 42 1490 1492 
		Item1499 99 84 1491 1493 
		Item1500 65 65 1492 1498 
		Item1501 52 41 1493 1502 
		Item1502 91 45 1494 1511 
		Item1503 93 74 1495 1499 
		Item1504 29 22 1496 1500 
		Item1505 62 25 1497 1518 
		Item1506 29 26 1498 1517 
		Item1507 95 71 1499 1509 
		Item1508 50 21 1500 1501 
		Item1509 23 40 1501 1507 
		Item1510 99 72 1502 1515 
		Item1511 88 82 1503 1506 
		Item1512 95 99 1504 1505 
		Item1513 88 86 1505 1510 
		Item1514 60 62 1506 1514 
		Item1515 96 74 1507 1519 
		Item1516 49 63 1508 1512 
		Item1517 10 16 1509 1516 
		Item1518 76 59 1510 1525 
		Item1519 99 47 1511 1513 
		Item1520 92 20 1512 1524 
		Item1521 58 25 1513 1520 
		Item1522 70 49 1514 1522 
		Item1523 54 49 1515 1538 
		Item1524 59 70 1516 1531 
		Item1525 85 84 1517 1529 
		Item1526 66 70 1518 1521 
		Item1527 18 75 1519 1540 
		Item1528 26 14 1520 1527 
		Item1529 39 36 1521 1553 
		Item1530 82 57 1522 1526 
		Item1531 46 83 1523 1533 
		Item1532 94 90 1524 1537 
		Item1533 57 73 1525 1535 
		Item1534 61 45 1526 1528 
		Item1535 13 82 1527 1530 
		Item1536 44 10 1528 1541 
		Item1537 94 57 1529 1539 
		Item1538 16 74 1530 1532 
		Item1539 44 58 1531 1536 
		Item1540 97 45 1532 1545 
		Item1541 63 54 1533 1534 
		Item1542 32 19 1534 1549 
		Item1543 18 15 1535 1564 
		Item1544 90 97 1536 1548 
		Item1545 93 60 1537 1555 
		Item1546 71 79 1538 1542 
		Item1547 69 65 1539 1568 
		Item1548 56 22 1540 1543 
		Item1549 90 97 1541 1546 
		Item1550 72 25 1542 1544 
		Item1551 24 79 1543 1558 
		Item1552 93 42 1544 1547 
		Item1553 60 50 1545 1560 
		Item1554 80 35 1546 1550 
		Item1555 29 10 1547 1561 
		Item1556 53 68 1548 1552 
		Item1557 71 81 1549 1551 
		Item1558 43 97 1550 1554 
		Item1559 100 38 1551 1562 
		Item1560 60 62 1552 1581 
		Item1561 34 58 1553 1556 
		Item1562 70 91 1554 1557 
		Item1563 52 91 1555 1563 
		Item1564 96 41 1556 1565 
		Item1565 53 35 1557 1559 
		Item1566 48 55 1558 1574 
		Item1567 80 35 1559 1567 
		Item1568 52 73 1560 1566 
		Item1569 22 45 1561 1570 
		Item1570 46 41 1562 1573 
		Item1571 87 33 1563 1569 
		Item1572 67 92 1564 1599 
		Item1573 47 64 1565 1571 
		Item1574 57 40 1566 1572 
		Item1575 43 28 1567 1589 
		Item1576 22 52 1568 1582 
		Item1577 46 27 1569 1576 
		Item1578 38 18 1570 1579 
		Item1579 91 67 1571 1580 
		Item1580 34 56 1572 1578 
		Item1581 84 85 1573 1642 
		Item1582 69 35 1574 1575 
		Item1583 33 75 1575 1592 
		Item1584 93 26 1576 1577 
		Item1585 81 21 1577 1591 
		Item1586 67 72 1578 1593 
		Item1587 51 12 1579 1588 
		Item1588 78 21 1580 1583 
		Item1589 59 93 1581 1584 
		Item1590 54 72 1582 1594 
		Item1591 76 61 1583 1586 
		Item1592 77 18 1584 1585 
		Item1593 50 96 1585 1605 
		Item1594 68 59 1586 1587 
		Item1595 28 15 1587 1590 
		Item1596 49 22 1588 1595 
		Item1597 72 47 1589 1596 
		Item1598 27 52 1590 1608 
		Item1599 58 64 1591 1597 
		Item1600 63 11 1592 1602 
		Item1601 97 62 1593 1604 
		Item1602 63 19 1594 1600 
		Item1603 35 11 1595 1598 
		Item1604 96 17 1596 1603 
		Item1605 88 10 1597 1607 
		Item1606 49 82 1598 1606 
		Item1607 16 80 1599 1619 
		Item1608 87 48 1600 1601 
		Item1609 93 42 1601 1612 
		Item1610 75 78 1602 1623 
		Item1611 85 81 1603 1610 
		Item1612 24 82 1604 1617 
		Item1613 100 11 1605 1613 
		Item1614 48 44 1606 1616 
		Item1615 60 94 1607 1609 
		Item1616 90 64 1608 1611 
		Item1617 17 12 1609 1654 
		Item1618 47 80 1610 1624 
		Item1619 22 64 1611 1615 
		Item1620 11 33 1612 1614 
		Item1621 56 54 1613 1626 
		Item1622 85 52 1614 1632 
		Item1623 76 22 1615 1620 
		Item1624 95 49 1616 1618 
		Item1625 64 52 1617 1625 
		Item1626 17 47 1618 1622 
		Item1627 64 56 1619 1627 
		Item1628 95 64 1620 1621 
		Item1629 25 68 1621 1629 
		Item1630 80 69 1622 1651 
		Item1631 83 64 1623 1628 
		Item1632 76 68 1624 1636 
		Item1633 100 99 1625 1634 
		Item1634 87 11 1626 1644 
		Item1635 72 12 1627 1630 
		Item1636 56 20 1628 1637 
		Item1637 12 26 1629 1639 
		Item1638 10 97 1630 1631 
		Item1639 92 51 1631 1635 
		Item1640 94 56 1632 1633 
		Item1641 46 26 1633 1641 
		Item1642 33 66 1634 1643 
		Item1643 43 37 1635 1645 
		Item1644 77 50 1636 1638 
		Item1645 66 85 1637 1640 
		Item1646 91 12 1638 1648 
		Item1647 68 100 1639 1657 
		Item1648 100 22 1640 1655 
		Item1649 90 19 1641 1646 
		Item1650 61 48 1642 1647 
		Item1651 31 98 1643 1691 
		Item1652 77 50 1644 1653 
		Item1653 95 17 1645 1649 
		Item1654 16 79 1646 1686 
		Item1655 41 66 1647 1652 
		Item1656 14 30 1648 1650 
		Item1657 54 12 1649 1658 
		Item1658 29 55 1650 1664 
		Item1659 49 48 1651 1667 
		Item1660 96 96 1652 1656 
		Item1661 26 29 1653 1659 
		Item1662 92 68 1654 1663 
		Item1663 11 77 1655 1666 
		Item1664 11 38 1656 1660 
		Item1665 16 56 1657 1675 
		Item1666 68 100 1658 1662 
		Item1667 18 45 1659 1661 
		Item1668 98 29 1660 1665 
		Item1669 27 52 1661 1671 
		Item1670 14 54 1662 1668 
		Item1671 18 91 1663 1672 
		Item1672 72 60 1664 1701 
		Item1673 42 51 1665 1673 
		Item1674 25 75 1666 1669 
		Item1675 45 36 1667 1670 
		Item1676 83 66 1668 1674 
		Item1677 92 83 1669 1678 
		Item1678 92 78 1670 1680 
		Item1679 88 70 1671 1683 
		Item1680 37 68 1672 1676 
		Item1681 13 32 1673 1682 
		Item1682 36 77 1674 1687 
		Item1683 80 31 1675 1681 
		Item1684 71 86 1676 1677 
		Item1685 91 98 1677 1679 
		Item1686 30 21 1678 1684 
		Item1687 28 73 1679 1685 
		Item1688 41 46 1680 1694 
		Item1689 78 51 1681 1692 
		Item1690 59 92 1682 1690 
		Item1691 87 83 1683 1689 
		Item1692 13 52 1684 1693 
		Item1693 12 72 1685 1697 
		Item1694 52 91 1686 1688 
		Item1695 60 79 1687 1696 
		Item1696 66 97 1688 1703 
		Item1697 80 99 1689 1729 
		Item1698 28 17 1690 1708 
		Item1699 34 22 1691 1707 
		Item1700 77 71 1692 1695 
		Item1701 60 41 1693 1726 
		Item1702 38 81 1694 1700 
		Item1703 25 79 1695 1698 
		Item1704 93 32 1696 1699 
		Item1705 60 20 1697 1704 
		Item1706 93 18 1698 1702 
		Item1707 84 97 1699 1715 
		Item1708 71 63 1700 1706 
		Item1709 16 31 1701 1710 
		Item1710 28 10 1702 1720 
		Item1711 76 58 1703 1717 
		Item1712 92 99 1704 1705 
		Item1713 33 46 1705 1712 
		Item1714 11 75 1706 1721 
		Item1715 69 61 1707 1711 
		Item1716 26 77 1708 1709 
		Item1717 70 62 1709 1714 
		Item1718 14 12 1710 1719 
		Item1719 68 98 1711 1716 
		Item1720 75 63 1712 1713 
		Item1721 17 74 1713 1737 
		Item1722 30 60 1714 1727 
		Item1723 68 95 1715 1722 
		Item1724 89 58 1716 1747 
		Item1725 79 36 1717 1718 
		Item1726 28 98 1718 1724 
		Item1727 10 38 1719 1733 
		Item1728 53 22 1720 1744 
		Item1729 88 44 1721 1723 
		Item1730 90 52 1722 1731 
		Item1731 37 58 1723 1725 
		Item1732 54 84 1724 1728 
		Item1733 31 15 1725 1730 
		Item1734 64 47 1726 1739 
		Item1735 65 73 1727 1736 
		Item1736 99 48 1728 1732 
		Item1737 73 97 1729 1750 
		Item1738 70 86 1730 1743 
		Item1739 83 42 1731 1734 
		Item1740 12 73 1732 1780 
		Item1741 30 62 1733 1735 
		Item1742 75 39 1734 1738 
		Item1743 65 24 1735 1741 
		Item1744 81 84 1736 1748 
		Item1745 29 37 1737 1740 
		Item1746 13 42 1738 1742 
		Item1747 82 23 1739 1752 
		Item1748 12 46 1740 1749 
		Item1749 47 32 1741 1755 
		Item1750 45 10 1742 1745 
		Item1751 27 27 1743 1771 
		Item1752 43 68 1744 1746 
		Item1753 27 74 1745 1756 
		Item1754 73 61 1746 1754 
		Item1755 90 95 1747 1762 
		Item1756 10 31 1748 1751 
		Item1757 74 46 1749 1753 
		Item1758 18 49 1750 1763 
		Item1759 80 15 1751 1760 
		Item1760 70 81 1752 1757 
		Item1761 19 64 1753 1770 
		Item1762 18 92 1754 1759 
		Item1763 16 74 1755 1758 
		Item1764 75 91 1756 1788 
		Item1765 55 17 1757 1765 
		Item1766 87 94 1758 1766 
		Item1767 87 28 1759 1802 
		Item1768 77 79 1760 1761 
		Item1769 56 95 1761 1791 
		Item1770 88 86 1762 1767 
		Item1771 18 79 1763 1764 
		Item1772 59 22 1764 1773 
		Item1773 70 29 1765 1768 
		Item1774 26 33 1766 1769 
		Item1775 23 31 1767 1779 
		Item1776 20 95 1768 1776 
		Item1777 67 98 1769 1772 
		Item1778 74 77 1770 1774 
		Item1779 26 98 1771 1775 
		Item1780 77 21 1772 1786 
		Item1781 39 54 1773 1781 
		Item1782 11 66 1774 1777 
		Item1783 28 82 1775 1787 
		Item1784 35 42 1776 1789 
		Item1785 79 30 1777 1778 
		Item1786 32 84 1778 1790 
		Item1787 55 96 1779 1785 
		Item1788 96 90 1780 1782 
		Item1789 11 65 1781 1784 
		Item1790 89 80 1782 1783 
		Item1791 44 57 1783 1794 
		Item1792 46 67 1784 1818 
		Item1793 24 51 1785 1797 
		Item1794 11 64 1786 1792 
		Item1795 61 79 1787 1800 
		Item1796 26 16 1788 1804 
		Item1797 70 86 1789 1793 
		Item1798 88 79 1790 1795 
		Item1799 37 19 1791 1796 
		Item1800 44 26 1792 1801 
		Item1801 67 11 1793 1805 
		Item1802 86 28 1794 1798 
		Item1803 76 20 1795 1807 
		Item1804 70 24 1796 1816 
		Item1805 64 56 1797 1799 
		Item1806 51 32 1798 1827 
		Item1807 60 56 1799 1803 
		Item1808 96 27 1800 1820 
		Item1809 25 38 1801 1806 
		Item1810 38 74 1802 1835 
		Item1811 78 30 1803 1809 
		Item1812 84 24 1804 1813 
		Item1813 68 60 1805 1808 
		Item1814 79 38 1806 1814 
		Item1815 29 67 1807 1812 
		Item1816 68 46 1808 1810 
		Item1817 65 25 1809 1811 
		Item1818 24 51 1810 1824 
		Item1819 47 12 1811 1823 
		Item1820 40 93 1812 1829 
		Item1821 84 13 1813 1826 
		Item1822 48 48 1814 1815 
		Item1823 18 45 1815 1817 
		Item1824 70 43 1816 1819 
		Item1825 65 96 1817 1831 
		Item1826 24 55 1818 1822 
		Item1827 77 83 1819 1821 
		Item1828 35 73 1820 1833 
		Item1829 75 68 1821 1836 
		Item1830 44 51 1822 1825 
		Item1831 53 98 1823 1832 
		Item1832 10 35 1824 1841 
		Item1833 82 96 1825 1828 
		Item1834 90 82 1826 1840 
		Item1835 68 69 1827 1842 
		Item1836 12 21 1828 1830 
		Item1837 32 87 1829 1834 
		Item1838 41 93 1830 1844 
		Item1839 54 54 1831 1837 
		Item1840 45 26 1832 1847 
		Item1841 59 18 1833 1846 
		Item1842 27 56 1834 1838 
		Item1843 60 22 1835 1850 
		Item1844 90 74 1836 1839 
		Item1845 61 97 1837 1845 
		Item1846 61 69 1838 1881 
		Item1847 69 21 1839 1848 
		Item1848 57 63 1840 1843 
		Item1849 40 63 1841 1853 
		Item1850 92 51 1842 1864 
		Item1851 68 47 1843 1867 
		Item1852 78 45 1844 1854 
		Item1853 50 42 1845 1849 
		Item1854 46 91 1846 1858 
		Item1855 51 43 1847 1852 
		Item1856 54 82 1848 1861 
		Item1857 37 82 1849 1865 
		Item1858 64 63 1850 1851 
		Item1859 56 21 1851 1855 
		Item1860 80 19 1852 1880 
		Item1861 15 92 1853 1857 
		Item1862 39 57 1854 1856 
		Item1863 80 44 1855 1863 
		Item1864 60 99 1856 1906 
		Item1865 74 68 1857 1860 
		Item1866 40 91 1858 1859 
		Item1867 83 68 1859 1872 
		Item1868 26 26 1860 1862 
		Item1869 74 63 1861 1870 
		Item1870 82 75 1862 1866 
		Item1871 30 84 1863 1875 
		Item1872 55 77 1864 1882 
		Item1873 57 38 1865 1869 
		Item1874 69 98 1866 1871 
		Item1875 43 87 1867 1868 
		Item1876 57 21 1868 1876 
		Item1877 33 15 1869 1874 
		Item1878 18 17 1870 1878 
		Item1879 13 20 1871 1879 
		Item1880 87 69 1872 1873 
		Item1881 68 22 1873 1877 
		Item1882 62 79 1874 1887 
		Item1883 10 22 1875 1883 
		Item1884 78 68 1876 1890 
		Item1885 19 79 1877 1912 
		Item1886 89 91 1878 1893 
		Item1887 11 13 1879 1896 
		Item1888 21 81 1880 1886 
		Item1889 93 16 1881 1889 
		Item1890 96 11 1882 1884 
		Item1891 94 71 1883 1885 
		Item1892 100 51 1884 1908 
		Item1893 72 19 1885 1895 
		Item1894 48 62 1886 1892 
		Item1895 75 18 1887 1888 
		Item1896 31 90 1888 1902 
		Item1897 20 18 1889 1917 
		Item1898 52 36 1890 1891 
		Item1899 30 15 1891 1898 
		Item1900 72 76 1892 1894 
		Item1901 30 28 1893 1897 
		Item1902 58 28 1894 1905 
		Item1903 42 27 1895 1899 
		Item1904 35 71 1896 1907 
		Item1905 75 83 1897 1916 
		Item1906 19 34 1898 1901 
		Item1907 32 38 1899 1900 
		Item1908 43 72 1900 1910 
		Item1909 100 17 1901 1903 
		Item1910 36 34 1902 1913 
		Item1911 70 30 1903 1904 
		Item1912 90 48 1904 1909 
		Item1913 31 86 1905 1934 
		Item1914 78 60 1906 1944 
		Item1915 67 52 1907 1911 
		Item1916 95 91 1908 1929 
		Item1917 89 71 1909 1914 
		Item1918 62 77 1910 1922 
		Item1919 20 13 1911 1925 
		Item1920 49 88 1912 1918 
		Item1921 27 55 1913 1915 
		Item1922 35 64 1914 1919 
		Item1923 83 73 1915 1926 
		Item1924 80 10 1916 1920 
		Item1925 100 55 1917 1923 
		Item1926 71 98 1918 1921 
		Item1927 74 68 1919 1951 
		Item1928 22 91 1920 1936 
		Item1929 68 21 1921 1928 
		Item1930 73 18 1922 1924 
		Item1931 80 99 1923 1935 
		Item1932 24 91 1924 1927 
		Item1933 15 14 1925 1931 
		Item1934 39 83 1926 1932 
		Item1935 39 34 1927 1940 
		Item1936 97 82 1928 1938 
		Item1937 91 47 1929 1930 
		Item1938 80 32 1930 1933 
		Item1939 30 93 1931 1941 
		Item1940 92 62 1932 1943 
		Item1941 94 70 1933 1942 
		Item1942 91 60 1934 1937 
		Item1943 20 93 1935 1939 
		Item1944 67 61 1936 1964 
		Item1945 94 67 1937 1953 
		Item1946 71 70 1938 1954 
		Item1947 38 55 1939 1949 
		Item1948 95 56 1940 1946 
		Item1949 14 53 1941 1947 
		Item1950 37 99 1942 1978 
		Item1951 30 11 1943 1948 
		Item1952 63 17 1944 1945 
		Item1953 77 17 1945 1970 
		Item1954 26 61 1946 1963 
		Item1955 35 41 1947 1952 
		Item1956 57 11 1948 1950 
		Item1957 17 59 1949 1955 
		Item1958 77 40 1950 1957 
		Item1959 35 76 1951 1987 
		Item1960 30 74 1952 1977 
		Item1961 12 63 1953 1958 
		Item1962 38 33 1954 1956 
		Item1963 44 86 1955 1959 
		Item1964 25 99 1956 1962 
		Item1965 42 58 1957 1968 
		Item1966 25 16 1958 1960 
		Item1967 50 60 1959 1961 
		Item1968 52 77 1960 1971 
		Item1969 71 32 1961 1965 
		Item1970 17 13 1962 1967 
		Item1971 18 67 1963 1966 
		Item1972 79 25 1964 1976 
		Item1973 34 20 1965 1981 
		Item1974 89 64 1966 1974 
		Item1975 88 10 1967 1973 
		Item1976 24 96 1968 1969 
		Item1977 36 44 1969 1972 
		Item1978 63 27 1970 1982 
		Item1979 19 40 1971 1985 
		Item1980 25 73 1972 1979 
		Item1981 75 70 1973 1998 
		Item1982 90 27 1974 1975 
		Item1983 89 66 1975 1983 
		Item1984 81 99 1976 1992 
		Item1985 36 74 1977 1995 
		Item1986 79 75 1978 1994 
		Item1987 17 73 1979 1980 
		Item1988 84 91 1980 2000 
		Item1989 32 64 1981 1986 
		Item1990 56 18 1982 1984 
		Item1991 76 99 1983 2014 
		Item1992 70 24 1984 1988 
		Item1993 15 49 1985 1997 
		Item1994 69 90 1986 1989 
		Item1995 11 51 1987 1993 
		Item1996 41 37 1988 1990 
		Item1997 37 100 1989 1991 
		Item1998 77 66 1990 2001 
		Item1999 41 89 1991 2005 
		Item2000 96 40 1992 1999 
		Item2001 92 94 1993 2011 
		Item2002 40 72 1994 2021 
		Item2003 89 69 1995 1996 
		Item2004 50 60 1996 2007 
		Item2005 23 74 1997 2004 
		Item2006 96 79 1998 2018 
		Item2007 29 22 1999 2012 
		Item2008 55 34 2000 2003 
		Item2009 16 82 2001 2002 
		Item2010 86 17 2002 2006 
		Item2011 92 17 2003 2033 
		Item2012 42 75 2004 2009 
		Item2013 33 57 2005 2010 
		Item2014 21 92 2006 2013 
		Item2015 41 57 2007 2008 
		Item2016 86 48 2008 2035 
		Item2017 58 36 2009 2015 
		Item2018 48 29 2010 2023 
		Item2019 41 98 2011 2017 
		Item2020 41 78 2012 2026 
		Item2021 55 21 2013 2019 
		Item2022 86 88 2014 2029 
		Item2023 71 18 2015 2016 
		Item2024 55 86 2016 2020 
		Item2025 38 58 2017 2022 
		Item2026 100 95 2018 2028 
		Item2027 72 24 2019 2025 
		Item2028 24 17 2020 2027 
		Item2029 30 85 2021 2071 
		Item2030 96 85 2022 2055 
		Item2031 50 77 2023 2024 
		Item2032 55 36 2024 2030 
		Item2033 22 56 2025 2054 
		Item2034 80 16 2026 2031 
		Item2035 59 30 2027 2032 
		Item2036 69 27 2028 2034 
		Item2037 97 95 2029 2047 
		Item2038 100 72 2030 2057 
		Item2039 77 79 2031 2045 
		Item2040 81 46 2032 2036 
		Item2041 95 13 2033 2044 
		Item2042 91 53 2034 2042 
		Item2043 76 10 2035 2038 
		Item2044 11 82 2036 2037 
		Item2045 85 60 2037 2040 
		Item2046 12 58 2038 2039 
		Item2047 32 39 2039 2041 
		Item2048 23 30 2040 2050 
		Item2049 28 65 2041 2049 
		Item2050 50 13 2042 2043 
		Item2051 92 34 2043 2046 
		Item2052 71 91 2044 2069 
		Item2053 37 53 2045 2048 
		Item2054 56 17 2046 2063 
		Item2055 49 55 2047 2067 
		Item2056 84 78 2048 2053 
		Item2057 55 87 2049 2051 
		Item2058 78 50 2050 2052 
		Item2059 42 12 2051 2062 
		Item2060 38 66 2052 2061 
		Item2061 21 54 2053 2056 
		Item2062 59 38 2054 2059 
		Item2063 17 92 2055 2077 
		Item2064 25 56 2056 2060 
		Item2065 28 82 2057 2058 
		Item2066 80 37 2058 2064 
		Item2067 13 36 2059 2066 
		Item2068 90 32 2060 2074 
		Item2069 71 26 2061 2082 
		Item2070 77 93 2062 2068 
		Item2071 87 82 2063 2076 
		Item2072 23 94 2064 2065 
		Item2073 66 85 2065 2081 
		Item2074 96 41 2066 2078 
		Item2075 47 21 2067 2073 
		Item2076 80 44 2068 2075 
		Item2077 53 98 2069 2070 
		Item2078 28 73 2070 2072 
		Item2079 14 67 2071 2095 
		Item2080 56 15 2072 2119 
		Item2081 10 66 2073 2084 
		Item2082 37 31 2074 2083 
		Item2083 90 74 2075 2079 
		Item2084 37 72 2076 2094 
		Item2085 63 11 2077 2088 
		Item2086 45 36 2078 2080 
		Item2087 56 17 2079 2089 
		Item2088 78 47 2080 2091 
		Item2089 42 23 2081 2085 
		Item2090 21 42 2082 2096 
		Item2091 96 38 2083 2087 
		Item2092 37 22 2084 2106 
		Item2093 47 42 2085 2086 
		Item2094 50 58 2086 2108 
		Item2095 80 89 2087 2102 
		Item2096 15 67 2088 2097 
		Item2097 76 76 2089 2090 
		Item2098 74 42 2090 2092 
		Item2099 41 17 2091 2101 
		Item2100 79 11 2092 2093 
		Item2101 71 84 2093 2098 
		Item2102 24 79 2094 2105 
		Item2103 11 62 2095 2121 
		Item2104 68 78 2096 2124 
		Item2105 91 22 2097 2103 
		Item2106 37 70 2098 2099 
		Item2107 15 73 2099 2100 
		Item2108 22 54 2100 2110 
		Item2109 65 34 2101 2111 
		Item2110 54 92 2102 2104 
		Item2111 19 23 2103 2112 
		Item2112 22 69 2104 2107 
		Item2113 70 25 2105 2126 
		Item2114 28 76 2106 2109 
		Item2115 12 44 2107 2116 
		Item2116 83 34 2108 2118 
		Item2117 85 19 2109 2113 
		Item2118 34 17 2110 2115 
		Item2119 47 44 2111 2114 
		Item2120 30 85 2112 2137 
		Item2121 71 38 2113 2120 
		Item2122 67 88 2114 2127 
		Item2123 42 94 2115 2117 
		Item2124 67 96 2116 2128 
		Item2125 26 81 2117 2135 
		Item2126 55 100 2118 2129 
		Item2127 15 44 2119 2122 
		Item2128 31 53 2120 2134 
		Item2129 46 30 2121 2130 
		Item2130 94 42 2122 2123 
		Item2131 45 82 2123 2125 
		Item2132 90 70 2124 2136 
		Item2133 18 39 2125 2207 
		Item2134 98 100 2126 2154 
		Item2135 75 15 2127 2131 
		Item2136 29 65 2128 2132 
		Item2137 45 79 2129 2145 
		Item2138 45 60 2130 2163 
		Item2139 54 78 2131 2139 
		Item2140 69 55 2132 2133 
		Item2141 35 92 2133 2141 
		Item2142 88 64 2134 2161 
		Item2143 89 59 2135 2147 
		Item2144 19 88 2136 2138 
		Item2145 89 36 2137 2142 
		Item2146 51 68 2138 2146 
		Item2147 42 63 2139 2140 
		Item2148 82 94 2140 2143 
		Item2149 95 29 2141 2150 
		Item2150 10 86 2142 2144 
		Item2151 54 16 2143 2166 
		Item2152 50 63 2144 2149 
		Item2153 13 44 2145 2153 
		Item2154 51 78 2146 2148 
		Item2155 62 28 2147 2151 
		Item2156 16 41 2148 2164 
		Item2157 63 17 2149 2155 
		Item2158 49 36 2150 2157 
		Item2159 31 12 2151 2152 
		Item2160 81 87 2152 2158 
		Item2161 10 21 2153 2188 
		Item2162 66 26 2154 2156 
		Item2163 15 47 2155 2162 
		Item2164 71 63 2156 2160 
		Item2165 23 94 2157 2165 
		Item2166 14 95 2158 2159 
		Item2167 42 61 2159 2169 
		Item2168 18 39 2160 2174 
		Item2169 81 72 2161 2175 
		Item2170 58 86 2162 2176 
		Item2171 85 59 2163 2167 
		Item2172 18 75 2164 2171 
		Item2173 85 21 2165 2172 
		Item2174 23 34 2166 2184 
		Item2175 89 43 2167 2168 
		Item2176 50 55 2168 2170 
		Item2177 35 71 2169 2179 
		Item2178 56 90 2170 2189 
		Item2179 91 41 2171 2220 
		Item2180 91 90 2172 2173 
		Item2181 47 78 2173 2181 
		Item2182 45 23 2174 2177 
		Item2183 36 83 2175 2178 
		Item2184 56 59 2176 2187 
		Item2185 21 22 2177 2195 
		Item2186 94 30 2178 2180 
		Item2187 62 29 2179 2182 
		Item2188 14 53 2180 2185 
		Item2189 99 88 2181 2183 
		Item2190 20 84 2182 2200 
		Item2191 88 45 2183 2191 
		Item2192 79 46 2184 2186 
		Item2193 21 40 2185 2198 
		Item2194 32 87 2186 2201 
		Item2195 44 38 2187 2196 
		Item2196 93 12 2188 2194 
		Item2197 99 23 2189 2190 
		Item2198 29 28 2190 2203 
		Item2199 48 13 2191 2192 
		Item2200 36 60 2192 2193 
		Item2201 83 75 2193 2199 
		Item2202 98 74 2194 2221 
		Item2203 82 20 2195 2197 
		Item2204 86 45 2196 2205 
		Item2205 42 46 2197 2208 
		Item2206 97 60 2198 2202 
		Item2207 54 34 2199 2209 
		Item2208 40 33 2200 2204 
		Item2209 63 48 2201 2206 
		Item2210 57 55 2202 2210 
		Item2211 55 79 2203 2212 
		Item2212 68 63 2204 2211 
		Item2213 30 13 2205 2219 
		Item2214 34 52 2206 2229 
		Item2215 27 17 2207 2223 
		Item2216 50 50 2208 2240 
		Item2217 82 57 2209 2239 
		Item2218 48 31 2210 2214 
		Item2219 43 21 2211 2215 
		Item2220 31 76 2212 2213 
		Item2221 48 34 2213 2222 
		Item2222 48 32 2214 2217 
		Item2223 40 39 2215 2216 
		Item2224 26 100 2216 2226 
		Item2225 69 74 2217 2218 
		Item2226 23 57 2218 2230 
		Item2227 40 52 2219 2228 
		Item2228 15 35 2220 2227 
		Item2229 91 39 2221 2232 
		Item2230 41 42 2222 2224 
		Item2231 45 92 2223 2247 
		Item2232 100 12 2224 2225 
		Item2233 31 84 2225 2235 
		Item2234 21 17 2226 2234 
		Item2235 56 66 2227 2236 
		Item2236 61 78 2228 2231 
		Item2237 14 22 2229 2242 
		Item2238 47 95 2230 2237 
		Item2239 32 99 2231 2248 
		Item2240 74 87 2232 2233 
		Item2241 65 31 2233 2246 
		Item2242 11 63 2234 2252 
		Item2243 25 21 2235 2243 
		Item2244 62 18 2236 2244 
		Item2245 74 54 2237 2238 
		Item2246 58 53 2238 2263 
		Item2247 78 74 2239 2241 
		Item2248 34 22 2240 2251 
		Item2249 61 41 2241 2250 
		Item2250 35 82 2242 2249 
		Item2251 78 12 2243 2259 
		Item2252 23 32 2244 2245 
		Item2253 26 92 2245 2257 
		Item2254 16 92 2246 2253 
		Item2255 27 29 2247 2268 
		Item2256 35 39 2248 2254 
		Item2257 17 23 2249 2255 
		Item2258 58 14 2250 2271 
		Item2259 79 99 2251 2279 
		Item2260 70 49 2252 2260 
		Item2261 11 91 2253 2256 
		Item2262 25 78 2254 2281 
		Item2263 61 93 2255 2270 
		Item2264 19 70 2256 2262 
		Item2265 65 92 2257 2258 
		Item2266 33 100 2258 2265 
		Item2267 89 26 2259 2267 
		Item2268 77 15 2260 2261 
		Item2269 27 74 2261 2273 
		Item2270 18 89 2262 2264 
		Item2271 57 18 2263 2272 
		Item2272 76 23 2264 2266 
		Item2273 88 14 2265 2269 
		Item2274 22 25 2266 2287 
		Item2275 97 53 2267 2277 
		Item2276 40 80 2268 2274 
		Item2277 13 54 2269 2290 
		Item2278 87 53 2270 2280 
		Item2279 39 27 2271 2276 
		Item2280 27 28 2272 2282 
		Item2281 35 65 2273 2275 
		Item2282 80 89 2274 2278 
		Item2283 84 23 2275 2324 
		Item2284 42 46 2276 2295 
		Item2285 55 100 2277 2292 
		Item2286 11 50 2278 2286 
		Item2287 87 86 2279 2283 
		Item2288 15 31 2280 2285 
		Item2289 22 65 2281 2293 
		Item2290 78 54 2282 2311 
		Item2291 76 19 2283 2284 
		Item2292 52 95 2284 2289 
		Item2293 61 26 2285 2288 
		Item2294 60 15 2286 2297 
		Item2295 65 64 2287 2291 
		Item2296 82 26 2288 2307 
		Item2297 81 78 2289 2296 
		Item2298 77 55 2290 2310 
		Item2299 85 15 2291 2300 
		Item2300 20 66 2292 2304 
		Item2301 96 58 2293 2294 
		Item2302 96 87 2294 2299 
		Item2303 85 28 2295 2303 
		Item2304 50 79 2296 2301 
		Item2305 33 92 2297 2298 
		Item2306 40 18 2298 2305 
		Item2307 64 98 2299 2302 
		Item2308 50 94 2300 2323 
		Item2309 47 44 2301 2309 
		Item2310 37 22 2302 2318 
		Item2311 45 42 2303 2306 
		Item2312 29 55 2304 2331 
		Item2313 67 14 2305 2325 
		Item2314 39 54 2306 2308 
		Item2315 50 56 2307 2316 
		Item2316 53 49 2308 2314 
		Item2317 51 16 2309 2313 
		Item2318 13 44 2310 2320 
		Item2319 70 88 2311 2312 
		Item2320 62 47 2312 2330 
		Item2321 77 99 2313 2326 
		Item2322 34 96 2314 2315 
		Item2323 26 13 2315 2322 
		Item2324 88 99 2316 2317 
		Item2325 80 68 2317 2319 
		Item2326 39 66 2318 2321 
		Item2327 86 82 2319 2327 
		Item2328 17 32 2320 2343 
		Item2329 46 42 2321 2335 
		Item2330 88 61 2322 2334 
		Item2331 44 34 2323 2332 
		Item2332 25 74 2324 2364 
		Item2333 50 92 2325 2349 
		Item2334 79 56 2326 2329 
		Item2335 69 10 2327 2328 
		Item2336 100 70 2328 2340 
		Item2337 47 52 2329 2333 
		Item2338 95 54 2330 2336 
		Item2339 29 79 2331 2351 
		Item2340 58 79 2332 2338 
		Item2341 12 68 2333 2341 
		Item2342 51 85 2334 2356 
		Item2343 46 64 2335 2337 
		Item2344 45 88 2336 2342 
		Item2345 27 80 2337 2339 
		Item2346 21 80 2338 2344 
		Item2347 68 40 2339 2373 
		Item2348 17 60 2340 2361 
		Item2349 46 49 2341 2346 
		Item2350 97 19 2342 2371 
		Item2351 29 89 2343 2345 
		Item2352 94 67 2344 2347 
		Item2353 41 13 2345 2354 
		Item2354 32 40 2346 2359 
		Item2355 99 78 2347 2348 
		Item2356 53 95 2348 2352 
		Item2357 87 63 2349 2350 
		Item2358 42 26 2350 2355 
		Item2359 84 95 2351 2353 
		Item2360 20 78 2352 2357 
		Item2361 22 63 2353 2386 
		Item2362 10 33 2354 2358 
		Item2363 51 100 2355 2372 
		Item2364 54 57 2356 2360 
		Item2365 12 39 2357 2362 
		Item2366 52 39 2358 2367 
		Item2367 38 20 2359 2363 
		Item2368 49 53 2360 2415 
		Item2369 97 81 2361 2384 
		Item2370 28 48 2362 2368 
		Item2371 75 94 2363 2370 
		Item2372 22 56 2364 2365 
		Item2373 18 65 2365 2366 
		Item2374 36 31 2366 2390 
		Item2375 85 87 2367 2376 
		Item2376 82 96 2368 2369 
		Item2377 86 53 2369 2379 
		Item2378 65 69 2370 2374 
		Item2379 37 83 2371 2383 
		Item2380 82 25 2372 2380 
		Item2381 54 49 2373 2377 
		Item2382 59 37 2374 2375 
		Item2383 96 57 2375 2381 
		Item2384 26 76 2376 2378 
		Item2385 83 88 2377 2382 
		Item2386 17 76 2378 2392 
		Item2387 18 50 2379 2394 
		Item2388 100 91 2380 2385 
		Item2389 95 52 2381 2401 
		Item2390 52 19 2382 2387 
		Item2391 87 80 2383 2398 
		Item2392 10 44 2384 2389 
		Item2393 84 35 2385 2391 
		Item2394 49 65 2386 2388 
		Item2395 97 42 2387 2393 
		Item2396 67 41 2388 2396 
		Item2397 91 16 2389 2404 
		Item2398 77 71 2390 2411 
		Item2399 45 28 2391 2395 
		Item2400 78 15 2392 2400 
		Item2401 72 74 2393 2397 
		Item2402 53 81 2394 2402 
		Item2403 17 72 2395 2399 
		Item2404 91 56 2396 2421 
		Item2405 81 78 2397 2405 
		Item2406 62 85 2398 2403 
		Item2407 20 55 2399 2417 
		Item2408 61 60 2400 2423 
		Item2409 23 20 2401 2406 
		Item2410 22 18 2402 2407 
		Item2411 48 91 2403 2408 
		Item2412 10 45 2404 2425 
		Item2413 81 60 2405 2410 
		Item2414 72 42 2406 2453 
		Item2415 28 47 2407 2409 
		Item2416 39 47 2408 2441 
		Item2417 77 21 2409 2413 
		Item2418 26 22 2410 2412 
		Item2419 62 35 2411 2419 
		Item2420 86 30 2412 2414 
		Item2421 38 64 2413 2416 
		Item2422 49 87 2414 2424 
		Item2423 48 94 2415 2429 
		Item2424 77 10 2416 2443 
		Item2425 95 44 2417 2418 
		Item2426 60 58 2418 2422 
		Item2427 95 63 2419 2420 
		Item2428 25 54 2420 2426 
		Item2429 21 69 2421 2434 
		Item2430 58 39 2422 2428 
		Item2431 37 84 2423 2427 
		Item2432 22 23 2424 2456 
		Item2433 31 19 2425 2430 
		Item2434 18 77 2426 2432 
		Item2435 28 22 2427 2446 
		Item2436 32 11 2428 2433 
		Item2437 40 39 2429 2431 
		Item2438 26 11 2430 2437 
		Item2439 78 27 2431 2438 
		Item2440 81 54 2432 2435 
		Item2441 85 69 2433 2449 
		Item2442 88 28 2434 2436 
		Item2443 98 90 2435 2457 
		Item2444 63 51 2436 2440 
		Item2445 78 23 2437 2439 
		Item2446 33 89 2438 2473 
		Item2447 62 28 2439 2444 
		Item2448 74 57 2440 2442 
		Item2449 92 84 2441 2454 
		Item2450 72 62 2442 2450 
		Item2451 41 49 2443 2448 
		Item2452 74 25 2444 2445 
		Item2453 24 58 2445 2447 
		Item2454 25 23 2446 2463 
		Item2455 20 96 2447 2452 
		Item2456 48 29 2448 2458 
		Item2457 47 82 2449 2455 
		Item2458 65 13 2450 2451 
		Item2459 35 77 2451 2461 
		Item2460 79 27 2452 2468 
		Item2461 95 43 2453 2459 
		Item2462 58 65 2454 2474 
		Item2463 50 73 2455 2462 
		Item2464 72 47 2456 2467 
		Item2465 46 83 2457 2470 
		Item2466 52 24 2458 2460 
		Item2467 13 54 2459 2489 
		Item2468 100 28 2460 2488 
		Item2469 100 83 2461 2469 
		Item2470 90 49 2462 2464 
		Item2471 17 82 2463 2466 
		Item2472 56 59 2464 2465 
		Item2473 74 87 2465 2479 
		Item2474 32 12 2466 2475 
		Item2475 89 92 2467 2471 
		Item2476 88 86 2468 2486 
		Item2477 41 66 2469 2472 
		Item2478 15 32 2470 2483 
		Item2479 47 62 2471 2482 
		Item2480 22 78 2472 2478 
		Item2481 94 90 2473 2485 
		Item2482 19 10 2474 2477 
		Item2483 38 100 2475 2476 
		Item2484 22 98 2476 2480 
		Item2485 60 53 2477 2490 
		Item2486 44 37 2478 2503 
		Item2487 37 69 2479 2497 
		Item2488 28 92 2480 2481 
		Item2489 83 38 2481 2484 
		Item2490 94 38 2482 2501 
		Item2491 94 90 2483 2492 
		Item2492 92 81 2484 2487 
		Item2493 69 73 2485 2496 
		Item2494 79 14 2486 2513 
		Item2495 38 54 2487 2494 
		Item2496 40 78 2488 2495 
		Item2497 84 89 2489 2493 
		Item2498 82 14 2490 2491 
		Item2499 63 77 2491 2512 
		Item2500 56 54 2492 2498 
		Item2501 91 66 2493 2509 
		Item2502 62 55 2494 2523 
		Item2503 71 79 2495 2519 
		Item2504 83 41 2496 2500 
		Item2505 38 72 2497 2499 
		Item2506 67 54 2498 2507 
		Item2507 11 23 2499 2506 
		Item2508 56 64 2500 2504 
		Item2509 95 46 2501 2502 
		Item2510 88 24 2502 2516 
		Item2511 24 26 2503 2524 
		Item2512 80 87 2504 2505 
		Item2513 69 22 2505 2510 
		Item2514 69 52 2506 2535 
		Item2515 46 15 2507 2508 
		Item2516 72 95 2508 2511 
		Item2517 95 93 2509 2518 
		Item2518 96 92 2510 2514 
		Item2519 47 64 2511 2521 
		Item2520 11 85 2512 2517 
		Item2521 89 95 2513 2520 
		Item2522 96 29 2514 2515 
		Item2523 89 38 2515 2526 
		Item2524 31 41 2516 2522 
		Item2525 47 97 2517 2527 
		Item2526 85 25 2518 2560 
		Item2527 46 80 2519 2554 
		Item2528 32 79 2520 2538 
		Item2529 26 15 2521 2525 
		Item2530 45 66 2522 2530 
		Item2531 76 28 2523 2536 
		Item2532 54 96 2524 2537 
		Item2533 29 15 2525 2531 
		Item2534 17 80 2526 2528 
		Item2535 90 81 2527 2565 
		Item2536 77 81 2528 2529 
		Item2537 53 11 2529 2533 
		Item2538 36 60 2530 2539 
		Item2539 54 62 2531 2532 
		Item2540 21 19 2532 2534 
		Item2541 61 82 2533 2545 
		Item2542 53 100 2534 2552 
		Item2543 44 66 2535 2543 
		Item2544 73 65 2536 2541 
		Item2545 67 50 2537 2544 
		Item2546 78 19 2538 2540 
		Item2547 71 90 2539 2562 
		Item2548 10 45 2540 2542 
		Item2549 39 30 2541 2547 
		Item2550 73 60 2542 2548 
		Item2551 91 39 2543 2558 
		Item2552 20 81 2544 2546 
		Item2553 43 50 2545 2549 
		Item2554 89 82 2546 2553 
		Item2555 15 19 2547 2551 
		Item2556 34 42 2548 2581 
		Item2557 44 59 2549 2550 
		Item2558 76 68 2550 2566 
		Item2559 14 32 2551 2555 
		Item2560 60 49 2552 2577 
		Item2561 30 39 2553 2556 
		Item2562 74 73 2554 2557 
		Item2563 58 90 2555 2561 
		Item2564 54 19 2556 2570 
		Item2565 25 69 2557 2563 
		Item2566 22 85 2558 2559 
		Item2567 35 53 2559 2590 
		Item2568 46 63 2560 2575 
		Item2569 93 83 2561 2569 
		Item2570 68 48 2562 2564 
		Item2571 17 53 2563 2578 
		Item2572 30 72 2564 2567 
		Item2573 65 25 2565 2579 
		Item2574 88 42 2566 2571 
		Item2575 51 52 2567 2568 
		Item2576 17 81 2568 2574 
		Item2577 65 89 2569 2573 
		Item2578 72 71 2570 2576 
		Item2579 99 52 2571 2572 
		Item2580 62 53 2572 2580 
		Item2581 96 80 2573 2589 
		Item2582 63 71 2574 2582 
		Item2583 33 69 2575 2597 
		Item2584 48 42 2576 2595 
		Item2585 86 85 2577 2583 
		Item2586 16 20 2578 2587 
		Item2587 46 45 2579 2605 
		Item2588 67 93 2580 2584 
		Item2589 77 94 2581 2596 
		Item2590 36 78 2582 2598 
		Item2591 90 56 2583 2592 
		Item2592 30 43 2584 2585 
		Item2593 69 55 2585 2586 
		Item2594 14 47 2586 2588 
		Item2595 91 99 2587 2594 
		Item2596 13 96 2588 2591 
		Item2597 13 63 2589 2593 
		Item2598 70 24 2590 2606 
		Item2599 30 59 2591 2602 
		Item2600 91 59 2592 2608 
		Item2601 27 84 2593 2599 
		Item2602 90 97 2594 2613 
		Item2603 91 91 2595 2601 
		Item2604 53 44 2596 2611 
		Item2605 28 16 2597 2633 
		Item2606 75 68 2598 2600 
		Item2607 89 54 2599 2607 
		Item2608 92 24 2600 2627 
		Item2609 45 20 2601 2604 
		Item2610 77 48 2602 2603 
		Item2611 38 16 2603 2615 
		Item2612 95 55 2604 2621 
		Item2613 19 16 2605 2614 
		Item2614 31 78 2606 2630 
		Item2615 89 20 2607 2609 
		Item2616 18 57 2608 2610 
		Item2617 24 97 2609 2616 
		Item2618 94 23 2610 2612 
		Item2619 93 39 2611 2617 
		Item2620 93 54 2612 2639 
		Item2621 88 40 2613 2618 
		Item2622 30 24 2614 2620 
		Item2623 26 26 2615 2629 
		Item2624 46 43 2616 2637 
		Item2625 27 60 2617 2625 
		Item2626 74 72 2618 2619 
		Item2627 73 73 2619 2622 
		Item2628 80 99 2620 2628 
		Item2629 12 54 2621 2643 
		Item2630 44 23 2622 2623 
		Item2631 27 57 2623 2624 
		Item2632 40 35 2624 2647 
		Item2633 18 13 2625 2626 
		Item2634 42 34 2626 2635 
		Item2635 84 19 2627 2649 
		Item2636 46 71 2628 2634 
		Item2637 59 73 2629 2631 
		Item2638 94 58 2630 2632 
		Item2639 100 32 2631 2638 
		Item2640 31 61 2632 2642 
		Item2641 61 22 2633 2673 
		Item2642 34 36 2634 2667 
		Item2643 71 90 2635 2636 
		Item2644 88 74 2636 2641 
		Item2645 88 44 2637 2640 
		Item2646 61 38 2638 2645 
		Item2647 33 43 2639 2646 
		Item2648 24 97 2640 2658 
		Item2649 96 79 2641 2644 
		Item2650 74 94 2642 2663 
		Item2651 56 12 2643 2654 
		Item2652 63 18 2644 2648 
		Item2653 79 41 2645 2650 
		Item2654 49 38 2646 2657 
		Item2655 54 94 2647 2652 
		Item2656 24 37 2648 2653 
		Item2657 50 32 2649 2708 
		Item2658 100 60 2650 2651 
		Item2659 100 16 2651 2672 
		Item2660 29 30 2652 2660 
		Item2661 31 60 2653 2655 
		Item2662 37 51 2654 2656 
		Item2663 66 26 2655 2668 
		Item2664 70 80 2656 2662 
		Item2665 44 36 2657 2669 
		Item2666 56 38 2658 2659 
		Item2667 87 16 2659 2661 
		Item2668 61 80 2660 2664 
		Item2669 86 66 2661 2665 
		Item2670 45 47 2662 2679 
		Item2671 39 49 2663 2666 
		Item2672 26 67 2664 2674 
		Item2673 93 84 2665 2670 
		Item2674 67 32 2666 2677 
		Item2675 89 91 2667 2671 
		Item2676 81 47 2668 2676 
		Item2677 63 12 2669 2685 
		Item2678 49 12 2670 2678 
		Item2679 96 12 2671 2681 
		Item2680 78 52 2672 2689 
		Item2681 91 100 2673 2707 
		Item2682 76 51 2674 2675 
		Item2683 22 63 2675 2687 
		Item2684 40 21 2676 2706 
		Item2685 73 25 2677 2693 
		Item2686 77 82 2678 2683 
		Item2687 39 45 2679 2680 
		Item2688 56 81 2680 2686 
		Item2689 31 66 2681 2682 
		Item2690 34 19 2682 2695 
		Item2691 74 33 2683 2684 
		Item2692 10 24 2684 2694 
		Item2693 88 30 2685 2691 
		Item2694 16 61 2686 2696 
		Item2695 10 17 2687 2688 
		Item2696 15 70 2688 2701 
		Item2697 76 54 2689 2690 
		Item2698 63 20 2690 2692 
		Item2699 89 17 2691 2698 
		Item2700 63 93 2692 2697 
		Item2701 37 17 2693 2734 
		Item2702 79 82 2694 2722 
		Item2703 45 66 2695 2699 
		Item2704 81 25 2696 2704 
		Item2705 14 14 2697 2702 
		Item2706 20 38 2698 2703 
		Item2707 12 36 2699 2700 
		Item2708 36 87 2700 2714 
		Item2709 41 66 2701 2718 
		Item2710 63 31 2702 2705 
		Item2711 27 79 2703 2711 
		Item2712 10 74 2704 2709 
		Item2713 75 71 2705 2735 
		Item2714 47 85 2706 2717 
		Item2715 80 36 2707 2710 
		Item2716 81 93 2708 2746 
		Item2717 89 44 2709 2712 
		Item2718 95 15 2710 2749 
		Item2719 99 29 2711 2713 
		Item2720 68 65 2712 2715 
		Item2721 26 56 2713 2721 
		Item2722 80 36 2714 2719 
		Item2723 81 47 2715 2716 
		Item2724 71 98 2716 2727 
		Item2725 35 96 2717 2724 
		Item2726 65 14 2718 2725 
		Item2727 87 91 2719 2720 
		Item2728 62 85 2720 2737 
		Item2729 77 69 2721 2723 
		Item2730 89 67 2722 2728 
		Item2731 92 34 2723 2733 
		Item2732 96 38 2724 2729 
		Item2733 15 63 2725 2726 
		Item2734 98 33 2726 2732 
		Item2735 56 62 2727 2730 
		Item2736 24 100 2728 2740 
		Item2737 71 72 2729 2752 
		Item2738 15 68 2730 2731 
		Item2739 10 29 2731 2747 
		Item2740 10 39 2732 2741 
		Item2741 40 39 2733 2744 
		Item2742 97 56 2734 2736 
		Item2743 66 34 2735 2750 
		Item2744 82 63 2736 2738 
		Item2745 20 71 2737 2739 
		Item2746 92 90 2738 2745 
		Item2747 43 29 2739 2743 
		Item2748 42 66 2740 2751 
		Item2749 60 35 2741 2742 
		Item2750 96 65 2742 2776 
		Item2751 100 14 2743 2748 
		Item2752 62 62 2744 2760 
		Item2753 10 74 2745 2753 
		Item2754 13 21 2746 2757 
		Item2755 23 73 2747 2762 
		Item2756 80 99 2748 2756 
		Item2757 57 18 2749 2755 
		Item2758 75 31 2750 2754 
		Item2759 46 25 2751 2768 
		Item2760 36 91 2752 2784 
		Item2761 35 53 2753 2775 
		Item2762 82 14 2754 2759 
		Item2763 83 68 2755 2764 
		Item2764 43 43 2756 2758 
		Item2765 45 45 2757 2765 
		Item2766 96 45 2758 2767 
		Item2767 38 80 2759 2763 
		Item2768 48 86 2760 2761 
		Item2769 66 76 2761 2792 
		Item2770 87 10 2762 2766 
		Item2771 79 83 2763 2801 
		Item2772 56 18 2764 2779 
		Item2773 91 78 2765 2769 
		Item2774 38 37 2766 2778 
		Item2775 62 20 2767 2772 
		Item2776 48 78 2768 2777 
		Item2777 89 82 2769 2770 
		Item2778 77 77 2770 2771 
		Item2779 92 45 2771 2774 
		Item2780 72 62 2772 2773 
		Item2781 95 26 2773 2782 
		Item2782 54 15 2774 2786 
		Item2783 84 61 2775 2780 
		Item2784 45 51 2776 2781 
		Item2785 46 31 2777 2783 
		Item2786 20 67 2778 2799 
		Item2787 84 24 2779 2789 
		Item2788 100 37 2780 2788 
		Item2789 87 13 2781 2787 
		Item2790 33 85 2782 2796 
		Item2791 42 71 2783 2790 
		Item2792 32 70 2784 2785 
		Item2793 86 93 2785 2805 
		Item2794 67 24 2786 2798 
		Item2795 65 57 2787 2809 
		Item2796 46 35 2788 2793 
		Item2797 58 15 2789 2833 
		Item2798 40 54 2790 2791 
		Item2799 13 92 2791 2794 
		Item2800 65 56 2792 2795 
		Item2801 58 11 2793 2802 
		Item2802 78 67 2794 2797 
		Item2803 42 35 2795 2806 
		Item2804 34 49 2796 2818 
		Item2805 21 14 2797 2821 
		Item2806 55 33 2798 2803 
		Item2807 56 93 2799 2800 
		Item2808 87 12 2800 2804 
		Item2809 57 11 2801 2807 
		Item2810 28 51 2802 2814 
		Item2811 32 24 2803 2813 
		Item2812 52 93 2804 2817 
		Item2813 19 71 2805 2808 
		Item2814 44 85 2806 2822 
		Item2815 90 43 2807 2811 
		Item2816 28 16 2808 2844 
		Item2817 27 97 2809 2810 
		Item2818 67 93 2810 2841 
		Item2819 76 16 2811 2812 
		Item2820 83 39 2812 2826 
		Item2821 55 27 2813 2815 
		Item2822 19 34 2814 2816 
		Item2823 10 98 2815 2819 
		Item2824 66 96 2816 2823 
		Item2825 43 95 2817 2820 
		Item2826 66 24 2818 2825 
		Item2827 34 86 2819 2830 
		Item2828 54 36 2820 2824 
		Item2829 70 89 2821 2831 
		Item2830 100 33 2822 2832 
		Item2831 44 75 2823 2828 
		Item2832 79 76 2824 2827 
		Item2833 99 44 2825 2829 
		Item2834 14 59 2826 2845 
		Item2835 60 79 2827 2840 
		Item2836 12 58 2828 2834 
		Item2837 26 87 2829 2837 
		Item2838 42 83 2830 2836 
		Item2839 11 41 2831 2835 
		Item2840 26 33 2832 2851 
		Item2841 97 31 2833 2838 
		Item2842 54 100 2834 2848 
		Item2843 45 53 2835 2847 
		Item2844 22 18 2836 2839 
		Item2845 42 95 2837 2876 
		Item2846 63 49 2838 2855 
		Item2847 70 15 2839 2842 
		Item2848 11 18 2840 2843 
		Item2849 92 75 2841 2850 
		Item2850 69 87 2842 2861 
		Item2851 77 60 2843 2859 
		Item2852 85 39 2844 2854 
		Item2853 66 89 2845 2846 
		Item2854 94 18 2846 2849 
		Item2855 91 84 2847 2881 
		Item2856 44 51 2848 2864 
		Item2857 43 37 2849 2862 
		Item2858 38 10 2850 2852 
		Item2859 75 99 2851 2853 
		Item2860 45 65 2852 2868 
		Item2861 86 28 2853 2858 
		Item2862 92 23 2854 2857 
		Item2863 63 75 2855 2856 
		Item2864 100 30 2856 2860 
		Item2865 88 79 2857 2870 
		Item2866 25 60 2858 2874 
		Item2867 47 30 2859 2897 
		Item2868 31 72 2860 2865 
		Item2869 49 44 2861 2863 
		Item2870 68 60 2862 2875 
		Item2871 44 18 2863 2866 
		Item2872 48 14 2864 2869 
		Item2873 79 40 2865 2867 
		Item2874 16 48 2866 2871 
		Item2875 42 63 2867 2880 
		Item2876 38 38 2868 2877 
		Item2877 94 47 2869 2892 
		Item2878 88 53 2870 2873 
		Item2879 72 41 2871 2872 
		Item2880 95 40 2872 2882 
		Item2881 42 53 2873 2887 
		Item2882 73 55 2874 2878 
		Item2883 95 73 2875 2889 
		Item2884 65 58 2876 2893 
		Item2885 51 63 2877 2879 
		Item2886 66 84 2878 2895 
		Item2887 47 71 2879 2883 
		Item2888 71 99 2880 2884 
		Item2889 67 99 2881 2919 
		Item2890 89 74 2882 2886 
		Item2891 84 92 2883 2885 
		Item2892 57 68 2884 2888 
		Item2893 56 56 2885 2905 
		Item2894 78 73 2886 2899 
		Item2895 20 68 2887 2891 
		Item2896 48 85 2888 2890 
		Item2897 87 14 2889 2904 
		Item2898 48 86 2890 2898 
		Item2899 88 13 2891 2896 
		Item2900 62 29 2892 2894 
		Item2901 89 17 2893 2900 
		Item2902 36 84 2894 2916 
		Item2903 20 84 2895 2903 
		Item2904 77 34 2896 2901 
		Item2905 71 20 2897 2906 
		Item2906 21 72 2898 2914 
		Item2907 97 65 2899 2907 
		Item2908 67 78 2900 2911 
		Item2909 89 67 2901 2902 
		Item2910 10 46 2902 2913 
		Item2911 31 83 2903 2908 
		Item2912 22 53 2904 2909 
		Item2913 23 100 2905 2917 
		Item2914 95 94 2906 2910 
		Item2915 28 67 2907 2918 
		Item2916 86 23 2908 2924 
		Item2917 26 67 2909 2932 
		Item2918 20 90 2910 2912 
		Item2919 100 38 2911 2921 
		Item2920 62 40 2912 2915 
		Item2921 90 86 2913 2928 
		Item2922 70 39 2914 2920 
		Item2923 72 75 2915 2923 
		Item2924 61 63 2916 2983 
		Item2925 77 27 2917 2925 
		Item2926 41 43 2918 2953 
		Item2927 65 18 2919 2922 
		Item2928 17 38 2920 2931 
		Item2929 52 20 2921 2926 
		Item2930 13 46 2922 2935 
		Item2931 98 26 2923 2930 
		Item2932 54 33 2924 2934 
		Item2933 96 35 2925 2940 
		Item2934 99 43 2926 2927 
		Item2935 79 15 2927 2929 
		Item2936 30 66 2928 2939 
		Item2937 51 60 2929 2945 
		Item2938 23 81 2930 2937 
		Item2939 40 67 2931 2936 
		Item2940 62 75 2932 2933 
		Item2941 66 87 2933 2947 
		Item2942 86 73 2934 2949 
		Item2943 93 17 2935 2938 
		Item2944 61 49 2936 2944 
		Item2945 19 38 2937 2986 
		Item2946 82 21 2938 2941 
		Item2947 57 58 2939 2942 
		Item2948 92 60 2940 2946 
		Item2949 100 49 2941 2943 
		Item2950 14 92 2942 2952 
		Item2951 29 36 2943 2959 
		Item2952 25 23 2944 2950 
		Item2953 79 86 2945 2948 
		Item2954 94 81 2946 2951 
		Item2955 35 83 2947 2955 
		Item2956 13 72 2948 2954 
		Item2957 74 62 2949 2956 
		Item2958 67 80 2950 2961 
		Item2959 43 68 2951 2972 
		Item2960 11 42 2952 2962 
		Item2961 70 95 2953 2960 
		Item2962 56 24 2954 2957 
		Item2963 55 88 2955 2958 
		Item2964 76 31 2956 2968 
		Item2965 68 56 2957 2963 
		Item2966 75 59 2958 2964 
		Item2967 69 51 2959 2967 
		Item2968 98 96 2960 2965 
		Item2969 69 60 2961 2982 
		Item2970 44 84 2962 2966 
		Item2971 35 94 2963 2975 
		Item2972 83 53 2964 3003 
		Item2973 26 48 2965 2970 
		Item2974 32 10 2966 2980 
		Item2975 20 92 2967 2969 
		Item2976 36 88 2968 2973 
		Item2977 86 34 2969 2971 
		Item2978 64 14 2970 2977 
		Item2979 79 59 2971 2974 
		Item2980 64 97 2972 2978 
		Item2981 18 45 2973 2979 
		Item2982 49 40 2974 2976 
		Item2983 49 34 2975 3000 
		Item2984 53 44 2976 3006 
		Item2985 18 85 2977 2990 
		Item2986 21 22 2978 3002 
		Item2987 42 12 2979 2985 
		Item2988 65 31 2980 2981 
		Item2989 68 100 2981 2994 
		Item2990 41 35 2982 2984 
		Item2991 89 15 2983 2996 
		Item2992 48 85 2984 2988 
		Item2993 91 28 2985 2995 
		Item2994 100 35 2986 2987 
		Item2995 57 30 2987 2989 
		Item2996 70 42 2988 2991 
		Item2997 31 11 2989 3001 
		Item2998 28 85 2990 2992 
		Item2999 32 76 2991 3007 
		Item3000 89 99 2992 2993 
		Item3001 22 99 2993 2997 
		Item3002 23 82 2994 3004 
		Item3003 85 48 2995 2998 
		Item3004 84 49 2996 3011 
		Item3005 85 89 2997 3012 
		Item3006 98 74 2998 2999 
		Item3007 34 86 2999 3008 
		Item3008 57 56 3000 3018 
		Item3009 25 78 3001 3005 
		Item3010 75 82 3002 3030 
		Item3011 11 77 3003 3019 
		Item3012 36 64 3004 3009 
		Item3013 80 85 3005 3022 
		Item3014 16 80 3006 3010 
		Item3015 21 100 3007 3024 
		Item3016 65 72 3008 3042 
		Item3017 46 66 3009 3013 
		Item3018 64 45 3010 3014 
		Item3019 13 71 3011 3015 
		Item3020 82 60 3012 3020 
		Item3021 76 14 3013 3016 
		Item3022 40 56 3014 3038 
		Item3023 54 92 3015 3033 
		Item3024 32 45 3016 3017 
		Item3025 16 100 3017 3021 
		Item3026 98 72 3018 3027 
		Item3027 97 44 3019 3025 
		Item3028 14 89 3020 3028 
		Item3029 91 39 3021 3029 
		Item3030 40 95 3022 3023 
		Item3031 15 51 3023 3055 
		Item3032 29 51 3024 3026 
		Item3033 58 71 3025 3035 
		Item3034 83 70 3026 3032 
		Item3035 90 55 3027 3046 
		Item3036 33 62 3028 3047 
		Item3037 79 61 3029 3039 
		Item3038 92 44 3030 3031 
		Item3039 86 52 3031 3036 
		Item3040 32 31 3032 3040 
		Item3041 65 62 3033 3034 
		Item3042 44 38 3034 3056 
		Item3043 24 42 3035 3048 
		Item3044 79 83 3036 3037 
		Item3045 21 30 3037 3057 
		Item3046 68 62 3038 3045 
		Item3047 68 98 3039 3041 
		Item3048 72 78 3040 3044 
		Item3049 49 29 3041 3053 
		Item3050 66 64 3042 3043 
		Item3051 34 91 3043 3050 
		Item3052 25 78 3044 3085 
		Item3053 37 89 3045 3052 
		Item3054 56 11 3046 3049 
		Item3055 91 89 3047 3060 
		Item3056 65 93 3048 3051 
		Item3057 86 24 3049 3059 
		Item3058 72 42 3050 3067 
		Item3059 74 53 3051 3075 
		Item3060 49 18 3052 3054 
		Item3061 99 79 3053 3096 
		Item3062 91 32 3054 3058 
		Item3063 59 46 3055 3065 
		Item3064 99 27 3056 3064 
		Item3065 57 62 3057 3093 
		Item3066 76 53 3058 3061 
		Item3067 46 21 3059 3063 
		Item3068 73 53 3060 3071 
		Item3069 23 78 3061 3062 
		Item3070 97 53 3062 3066 
		Item3071 41 61 3063 3080 
		Item3072 63 77 3064 3068 
		Item3073 16 76 3065 3069 
		Item3074 96 72 3066 3074 
		Item3075 18 59 3067 3087 
		Item3076 46 78 3068 3070 
		Item3077 44 10 3069 3073 
		Item3078 19 50 3070 3077 
		Item3079 69 92 3071 3072 
		Item3080 74 54 3072 3078 
		Item3081 100 49 3073 3086 
		Item3082 49 81 3074 3076 
		Item3083 93 79 3075 3079 
		Item3084 33 32 3076 3081 
		Item3085 50 18 3077 3082 
		Item3086 58 23 3078 3095 
		Item3087 42 58 3079 3133 
		Item3088 68 25 3080 3083 
		Item3089 88 64 3081 3097 
		Item3090 48 46 3082 3084 
		Item3091 89 68 3083 3088 
		Item3092 37 25 3084 3157 
		Item3093 53 71 3085 3090 
		Item3094 74 29 3086 3094 
		Item3095 20 99 3087 3159 
		Item3096 35 87 3088 3089 
		Item3097 85 64 3089 3091 
		Item3098 20 28 3090 3092 
		Item3099 49 58 3091 3100 
		Item3100 74 23 3092 3099 
		Item3101 35 14 3093 3103 
		Item3102 78 68 3094 3098 
		Item3103 26 77 3095 3108 
		Item3104 59 84 3096 3104 
		Item3105 17 21 3097 3105 
		Item3106 76 89 3098 3101 
		Item3107 88 43 3099 3102 
		Item3108 92 89 3100 3117 
		Item3109 81 53 3101 3120 
		Item3110 39 77 3102 3109 
		Item3111 47 47 3103 3106 
		Item3112 76 63 3104 3113 
		Item3113 76 29 3105 3107 
		Item3114 55 92 3106 3114 
		Item3115 93 50 3107 3115 
		Item3116 83 32 3108 3116 
		Item3117 37 100 3109 3110 
		Item3118 47 66 3110 3111 
		Item3119 43 61 3111 3112 
		Item3120 35 78 3112 3126 
		Item3121 87 17 3113 3123 
		Item3122 68 82 3114 3118 
		Item3123 34 19 3115 3135 
		Item3124 36 54 3116 3128 
		Item3125 78 54 3117 3121 
		Item3126 69 54 3118 3119 
		Item3127 31 16 3119 3124 
		Item3128 25 40 3120 3122 
		Item3129 23 65 3121 3142 
		Item3130 41 100 3122 3125 
		Item3131 80 89 3123 3127 
		Item3132 81 98 3124 3137 
		Item3133 40 67 3125 3129 
		Item3134 37 36 3126 3132 
		Item3135 78 65 3127 3130 
		Item3136 30 26 3128 3131 
		Item3137 51 61 3129 3146 
		Item3138 19 98 3130 3138 
		Item3139 44 92 3131 3134 
		Item3140 85 31 3132 3163 
		Item3141 53 98 3133 3141 
		Item3142 93 23 3134 3136 
		Item3143 54 20 3135 3143 
		Item3144 10 90 3136 3139 
		Item3145 41 48 3137 3152 
		Item3146 16 15 3138 3140 
		Item3147 45 20 3139 3158 
		Item3148 26 99 3140 3148 
		Item3149 31 88 3141 3145 
		Item3150 84 82 3142 3147 
		Item3151 52 66 3143 3144 
		Item3152 84 63 3144 3150 
		Item3153 54 72 3145 3155 
		Item3154 57 54 3146 3149 
		Item3155 92 90 3147 3173 
		Item3156 14 38 3148 3171 
		Item3157 98 60 3149 3162 
		Item3158 59 57 3150 3151 
		Item3159 40 23 3151 3153 
		Item3160 79 45 3152 3154 
		Item3161 27 50 3153 3161 
		Item3162 88 74 3154 3160 
		Item3163 55 26 3155 3156 
		Item3164 69 29 3156 3185 
		Item3165 48 96 3157 3176 
		Item3166 44 96 3158 3165 
		Item3167 68 78 3159 3166 
		Item3168 82 72 3160 3191 
		Item3169 82 96 3161 3195 
		Item3170 44 86 3162 3164 
		Item3171 73 52 3163 3168 
		Item3172 72 26 3164 3167 
		Item3173 75 97 3165 3172 
		Item3174 10 97 3166 3170 
		Item3175 39 73 3167 3169 
		Item3176 46 15 3168 3178 
		Item3177 63 94 3169 3183 
		Item3178 48 21 3170 3174 
		Item3179 19 94 3171 3179 
		Item3180 20 85 3172 3175 
		Item3181 46 34 3173 3177 
		Item3182 69 38 3174 3187 
		Item3183 99 37 3175 3180 
		Item3184 28 52 3176 3193 
		Item3185 60 27 3177 3182 
		Item3186 56 66 3178 3184 
		Item3187 79 30 3179 3181 
		Item3188 14 85 3180 3194 
		Item3189 39 43 3181 3201 
		Item3190 24 89 3182 3198 
		Item3191 95 93 3183 3189 
		Item3192 22 68 3184 3192 
		Item3193 76 14 3185 3186 
		Item3194 83 49 3186 3201 
		Item3195 58 66 3187 3188 
		Item3196 85 26 3188 3190 
		Item3197 82 57 3189 3201 
		Item3198 78 20 3190 3201 
		Item3199 26 91 3191 3199 
		Item3200 29 16 3192 3201 
		Item3201 94 34 3193 3197 
		Item3202 93 69 3194 3201 
		Item3203 58 15 3195 3196 
		Item3204 29 14 3196 3201 
		Item3205 68 90 3197 3201 
		Item3206 28 95 3198 3200 
		Item3207 38 83 3199 3201 
		Item3208 26 95 3200 3201
	; 

end;
