param n := 3424;


param c := 100;


param: ITEMS: l d s t := 
		Item0 19 26 1 5 
		Item1 48 29 1 17 
		Item2 86 26 1 2 
		Item3 15 42 1 7 
		Item4 16 64 1 4 
		Item5 31 15 1 14 
		Item6 65 71 1 5 
		Item7 93 68 1 14 
		Item8 93 21 1 2 
		Item9 43 17 1 15 
		Item10 19 51 1 2 
		Item11 37 32 1 5 
		Item12 79 69 1 6 
		Item13 44 97 1 2 
		Item14 56 55 1 39 
		Item15 100 27 1 4 
		Item16 83 67 1 18 
		Item17 79 13 1 2 
		Item18 57 100 1 5 
		Item19 60 43 1 3 
		Item20 70 57 1 5 
		Item21 67 31 1 14 
		Item22 40 36 1 8 
		Item23 43 93 1 2 
		Item24 37 23 1 4 
		Item25 56 47 1 2 
		Item26 25 54 1 2 
		Item27 28 47 1 3 
		Item28 83 89 1 9 
		Item29 56 46 1 2 
		Item30 77 68 1 15 
		Item31 41 60 1 6 
		Item32 82 60 1 12 
		Item33 34 33 1 8 
		Item34 59 38 1 9 
		Item35 62 10 2 13 
		Item36 32 35 3 8 
		Item37 67 28 3 7 
		Item38 85 96 3 7 
		Item39 24 16 3 5 
		Item40 67 45 3 7 
		Item41 71 23 3 9 
		Item42 85 57 3 38 
		Item43 54 91 3 6 
		Item44 79 34 3 5 
		Item45 38 52 4 12 
		Item46 58 28 5 12 
		Item47 67 84 6 11 
		Item48 98 60 6 7 
		Item49 23 48 6 8 
		Item50 70 99 6 30 
		Item51 60 45 6 11 
		Item52 16 57 6 10 
		Item53 25 12 6 14 
		Item54 16 61 6 24 
		Item55 47 60 6 26 
		Item56 62 58 6 25 
		Item57 52 83 7 10 
		Item58 53 41 8 13 
		Item59 16 83 9 22 
		Item60 48 75 9 20 
		Item61 48 21 10 22 
		Item62 55 41 10 19 
		Item63 72 51 10 14 
		Item64 36 54 10 16 
		Item65 94 16 10 14 
		Item66 94 10 11 17 
		Item67 98 51 12 22 
		Item68 41 40 12 27 
		Item69 60 96 13 29 
		Item70 42 42 13 16 
		Item71 70 20 13 15 
		Item72 65 76 13 37 
		Item73 21 32 13 19 
		Item74 70 33 13 18 
		Item75 19 55 13 14 
		Item76 68 15 13 22 
		Item77 70 91 13 19 
		Item78 67 42 13 16 
		Item79 70 48 14 18 
		Item80 13 48 15 19 
		Item81 28 30 15 17 
		Item82 52 98 15 25 
		Item83 79 98 15 25 
		Item84 76 64 15 19 
		Item85 30 54 16 21 
		Item86 22 78 17 24 
		Item87 41 79 17 19 
		Item88 77 18 17 19 
		Item89 85 51 17 22 
		Item90 24 87 17 22 
		Item91 18 70 17 32 
		Item92 88 71 17 23 
		Item93 34 39 17 36 
		Item94 16 85 17 20 
		Item95 68 94 18 20 
		Item96 88 84 19 22 
		Item97 94 16 20 30 
		Item98 76 45 20 35 
		Item99 10 41 20 22 
		Item100 13 93 20 29 
		Item101 11 35 20 22 
		Item102 31 49 20 21 
		Item103 63 92 20 44 
		Item104 28 20 20 22 
		Item105 23 87 20 23 
		Item106 17 87 20 51 
		Item107 91 96 21 42 
		Item108 46 23 21 40 
		Item109 53 38 21 22 
		Item110 19 54 21 31 
		Item111 43 41 22 38 
		Item112 51 24 23 28 
		Item113 44 14 23 43 
		Item114 51 27 23 26 
		Item115 97 87 23 30 
		Item116 54 10 23 41 
		Item117 89 48 23 27 
		Item118 69 41 23 33 
		Item119 49 12 23 33 
		Item120 36 59 23 26 
		Item121 97 86 24 68 
		Item122 86 27 24 26 
		Item123 33 57 24 49 
		Item124 24 28 24 32 
		Item125 20 91 25 26 
		Item126 48 59 25 29 
		Item127 56 33 25 31 
		Item128 94 45 26 28 
		Item129 86 83 27 28 
		Item130 60 49 27 38 
		Item131 46 51 27 31 
		Item132 51 66 28 45 
		Item133 20 22 28 44 
		Item134 66 80 28 36 
		Item135 41 80 29 34 
		Item136 71 36 29 35 
		Item137 41 38 30 31 
		Item138 84 31 30 31 
		Item139 65 81 30 55 
		Item140 94 93 30 32 
		Item141 87 67 30 34 
		Item142 96 23 31 44 
		Item143 15 67 32 44 
		Item144 63 56 33 37 
		Item145 27 36 33 40 
		Item146 33 69 34 40 
		Item147 99 76 34 36 
		Item148 48 10 34 35 
		Item149 20 92 34 35 
		Item150 77 12 34 79 
		Item151 87 42 34 39 
		Item152 53 69 34 39 
		Item153 62 32 34 56 
		Item154 16 57 35 46 
		Item155 37 30 36 48 
		Item156 13 61 37 69 
		Item157 92 87 37 43 
		Item158 86 14 37 52 
		Item159 43 73 37 56 
		Item160 94 97 37 40 
		Item161 27 66 37 42 
		Item162 10 41 37 41 
		Item163 92 39 37 47 
		Item164 38 66 37 38 
		Item165 82 48 38 44 
		Item166 67 94 38 39 
		Item167 19 94 38 50 
		Item168 69 23 38 50 
		Item169 24 18 38 42 
		Item170 59 70 39 41 
		Item171 19 84 39 50 
		Item172 96 79 40 43 
		Item173 68 73 40 45 
		Item174 45 95 40 45 
		Item175 95 67 41 47 
		Item176 83 44 41 64 
		Item177 17 37 41 74 
		Item178 60 53 42 66 
		Item179 56 35 43 49 
		Item180 26 96 43 47 
		Item181 11 86 44 46 
		Item182 59 45 45 56 
		Item183 14 100 45 67 
		Item184 73 47 45 53 
		Item185 14 39 45 50 
		Item186 68 78 45 48 
		Item187 95 55 46 51 
		Item188 51 29 46 48 
		Item189 73 25 46 50 
		Item190 37 92 46 52 
		Item191 65 33 46 76 
		Item192 35 53 46 59 
		Item193 45 13 46 50 
		Item194 78 25 47 50 
		Item195 47 83 47 53 
		Item196 55 28 47 55 
		Item197 20 25 47 48 
		Item198 58 63 47 50 
		Item199 17 42 48 49 
		Item200 44 48 48 50 
		Item201 25 82 48 55 
		Item202 88 18 48 71 
		Item203 100 70 48 55 
		Item204 59 97 49 53 
		Item205 95 66 50 72 
		Item206 56 41 51 61 
		Item207 38 53 51 66 
		Item208 68 55 51 55 
		Item209 78 69 51 55 
		Item210 100 78 51 54 
		Item211 43 34 51 59 
		Item212 87 36 51 52 
		Item213 61 22 52 54 
		Item214 22 89 52 55 
		Item215 19 20 52 53 
		Item216 54 55 52 68 
		Item217 92 51 53 59 
		Item218 18 20 53 55 
		Item219 91 93 53 55 
		Item220 37 33 54 66 
		Item221 56 66 54 62 
		Item222 19 88 54 68 
		Item223 53 42 54 55 
		Item224 39 71 54 59 
		Item225 13 56 54 57 
		Item226 61 88 54 55 
		Item227 63 59 55 58 
		Item228 18 77 56 58 
		Item229 21 36 56 57 
		Item230 32 19 56 66 
		Item231 76 58 56 67 
		Item232 31 100 57 69 
		Item233 86 75 58 59 
		Item234 52 62 58 61 
		Item235 32 20 58 59 
		Item236 50 78 58 96 
		Item237 81 33 58 60 
		Item238 51 21 58 84 
		Item239 51 42 58 61 
		Item240 36 74 58 60 
		Item241 61 82 58 61 
		Item242 24 50 58 64 
		Item243 40 44 59 61 
		Item244 34 35 60 66 
		Item245 78 80 60 63 
		Item246 88 28 60 62 
		Item247 35 13 60 83 
		Item248 22 77 60 61 
		Item249 80 21 60 61 
		Item250 22 58 60 63 
		Item251 99 35 60 66 
		Item252 57 29 60 65 
		Item253 39 48 61 63 
		Item254 37 35 62 63 
		Item255 26 19 62 68 
		Item256 54 49 62 64 
		Item257 66 44 62 71 
		Item258 89 70 63 76 
		Item259 23 30 64 66 
		Item260 82 66 64 85 
		Item261 75 75 64 74 
		Item262 22 43 64 68 
		Item263 24 59 64 65 
		Item264 75 73 64 94 
		Item265 77 45 64 66 
		Item266 90 33 64 68 
		Item267 46 77 64 65 
		Item268 67 70 65 72 
		Item269 19 58 65 68 
		Item270 45 72 65 66 
		Item271 64 61 65 72 
		Item272 25 99 66 78 
		Item273 13 28 67 68 
		Item274 80 83 67 68 
		Item275 16 37 67 70 
		Item276 32 26 67 71 
		Item277 62 77 67 77 
		Item278 67 94 67 93 
		Item279 11 96 67 73 
		Item280 11 16 67 68 
		Item281 11 73 67 68 
		Item282 47 32 67 70 
		Item283 13 26 68 77 
		Item284 95 36 69 70 
		Item285 33 34 69 80 
		Item286 10 86 69 74 
		Item287 16 78 69 75 
		Item288 13 61 69 77 
		Item289 71 41 69 75 
		Item290 48 62 70 79 
		Item291 13 60 71 73 
		Item292 55 27 72 73 
		Item293 19 50 72 82 
		Item294 31 67 72 87 
		Item295 69 55 72 79 
		Item296 20 40 72 113 
		Item297 39 34 72 83 
		Item298 81 29 72 73 
		Item299 46 46 72 96 
		Item300 10 86 72 80 
		Item301 18 52 72 93 
		Item302 58 74 73 81 
		Item303 12 19 74 76 
		Item304 89 93 75 76 
		Item305 81 30 75 78 
		Item306 57 82 75 98 
		Item307 41 82 75 79 
		Item308 74 41 75 90 
		Item309 27 95 75 80 
		Item310 80 57 75 89 
		Item311 47 93 75 79 
		Item312 57 38 76 78 
		Item313 34 71 76 90 
		Item314 50 33 76 89 
		Item315 69 55 76 86 
		Item316 54 94 77 78 
		Item317 27 37 77 80 
		Item318 51 23 77 110 
		Item319 40 46 77 98 
		Item320 60 87 77 91 
		Item321 70 63 78 79 
		Item322 93 64 78 88 
		Item323 81 32 78 81 
		Item324 34 72 78 87 
		Item325 19 48 79 80 
		Item326 72 79 80 97 
		Item327 65 77 81 86 
		Item328 94 84 81 82 
		Item329 17 73 81 82 
		Item330 91 59 81 92 
		Item331 99 78 81 82 
		Item332 44 68 81 83 
		Item333 64 17 82 93 
		Item334 91 71 83 84 
		Item335 13 52 83 85 
		Item336 58 60 83 90 
		Item337 24 42 83 86 
		Item338 89 55 83 85 
		Item339 16 52 83 91 
		Item340 67 30 83 91 
		Item341 47 43 84 86 
		Item342 43 72 85 100 
		Item343 83 28 86 91 
		Item344 24 21 87 93 
		Item345 15 55 87 93 
		Item346 14 66 87 92 
		Item347 80 84 87 95 
		Item348 99 39 87 88 
		Item349 31 44 88 97 
		Item350 80 84 89 120 
		Item351 40 44 90 108 
		Item352 39 28 90 91 
		Item353 30 75 90 102 
		Item354 87 10 90 94 
		Item355 39 17 90 95 
		Item356 85 41 90 112 
		Item357 84 59 90 96 
		Item358 67 23 90 111 
		Item359 18 54 90 106 
		Item360 43 87 90 101 
		Item361 68 31 91 120 
		Item362 80 33 92 110 
		Item363 84 52 92 97 
		Item364 78 54 92 93 
		Item365 70 31 92 99 
		Item366 72 33 92 97 
		Item367 87 60 93 124 
		Item368 68 63 94 99 
		Item369 89 19 94 95 
		Item370 63 98 94 109 
		Item371 95 14 94 99 
		Item372 88 99 94 95 
		Item373 38 93 95 115 
		Item374 46 100 96 115 
		Item375 52 21 96 97 
		Item376 25 65 96 97 
		Item377 78 70 96 97 
		Item378 68 49 96 102 
		Item379 18 87 96 98 
		Item380 43 92 96 104 
		Item381 44 60 96 118 
		Item382 19 34 97 107 
		Item383 34 83 98 100 
		Item384 69 47 98 102 
		Item385 69 20 98 104 
		Item386 93 72 98 101 
		Item387 44 70 98 105 
		Item388 14 79 98 107 
		Item389 33 86 98 102 
		Item390 22 43 99 103 
		Item391 57 82 99 105 
		Item392 11 42 99 102 
		Item393 48 47 99 112 
		Item394 24 52 99 125 
		Item395 75 29 99 103 
		Item396 94 67 100 105 
		Item397 42 86 100 102 
		Item398 100 13 100 116 
		Item399 78 79 101 103 
		Item400 66 91 101 102 
		Item401 41 82 102 108 
		Item402 29 44 103 117 
		Item403 65 35 103 104 
		Item404 28 98 103 131 
		Item405 16 70 103 106 
		Item406 30 91 103 105 
		Item407 77 73 103 121 
		Item408 99 41 104 105 
		Item409 15 58 104 111 
		Item410 17 87 104 119 
		Item411 42 34 105 107 
		Item412 60 99 106 109 
		Item413 66 70 106 107 
		Item414 52 26 106 112 
		Item415 46 84 106 110 
		Item416 25 36 106 114 
		Item417 78 41 106 120 
		Item418 88 86 106 133 
		Item419 80 76 106 108 
		Item420 12 20 106 112 
		Item421 51 29 107 114 
		Item422 55 24 108 119 
		Item423 15 99 108 119 
		Item424 24 14 109 115 
		Item425 13 56 110 111 
		Item426 59 32 110 113 
		Item427 59 87 110 124 
		Item428 83 56 110 111 
		Item429 69 88 110 115 
		Item430 96 57 110 128 
		Item431 95 34 110 115 
		Item432 87 40 110 114 
		Item433 14 14 111 112 
		Item434 57 79 112 131 
		Item435 12 89 113 117 
		Item436 64 67 113 130 
		Item437 54 49 113 116 
		Item438 92 21 113 117 
		Item439 68 32 114 121 
		Item440 100 31 114 127 
		Item441 35 72 114 124 
		Item442 95 81 114 122 
		Item443 34 90 114 120 
		Item444 44 89 115 123 
		Item445 14 75 116 135 
		Item446 19 19 116 140 
		Item447 11 83 116 118 
		Item448 11 74 116 122 
		Item449 84 75 116 141 
		Item450 30 51 116 129 
		Item451 16 96 116 125 
		Item452 50 72 116 117 
		Item453 44 65 116 137 
		Item454 82 93 117 118 
		Item455 11 28 118 138 
		Item456 29 94 118 122 
		Item457 91 14 118 120 
		Item458 74 67 118 120 
		Item459 95 88 118 134 
		Item460 36 35 119 121 
		Item461 67 44 119 124 
		Item462 85 35 119 126 
		Item463 77 37 119 146 
		Item464 79 65 120 123 
		Item465 61 31 121 128 
		Item466 15 29 121 123 
		Item467 86 52 121 128 
		Item468 11 31 122 138 
		Item469 68 35 123 136 
		Item470 65 21 123 128 
		Item471 72 96 123 126 
		Item472 69 31 123 128 
		Item473 25 55 123 133 
		Item474 82 52 123 128 
		Item475 79 42 123 134 
		Item476 79 91 123 126 
		Item477 56 66 124 130 
		Item478 30 73 125 128 
		Item479 51 85 125 131 
		Item480 77 46 125 158 
		Item481 44 84 126 132 
		Item482 60 67 126 127 
		Item483 36 15 127 138 
		Item484 29 87 127 133 
		Item485 17 12 127 128 
		Item486 24 45 127 143 
		Item487 70 79 127 138 
		Item488 61 65 127 129 
		Item489 59 56 128 134 
		Item490 33 82 129 138 
		Item491 69 18 129 136 
		Item492 36 42 129 130 
		Item493 24 33 129 132 
		Item494 69 99 129 143 
		Item495 56 94 129 141 
		Item496 70 77 129 142 
		Item497 50 84 129 134 
		Item498 57 72 129 139 
		Item499 85 82 129 132 
		Item500 37 13 129 136 
		Item501 65 13 130 136 
		Item502 47 61 130 134 
		Item503 14 13 131 159 
		Item504 32 98 131 150 
		Item505 14 51 131 144 
		Item506 39 92 132 156 
		Item507 58 38 132 135 
		Item508 69 44 132 144 
		Item509 30 43 133 139 
		Item510 82 47 133 135 
		Item511 86 26 133 147 
		Item512 68 40 133 141 
		Item513 18 95 134 136 
		Item514 78 57 135 137 
		Item515 13 75 136 147 
		Item516 44 92 137 156 
		Item517 59 46 137 139 
		Item518 69 99 137 140 
		Item519 37 76 137 145 
		Item520 58 28 137 140 
		Item521 60 37 137 145 
		Item522 75 79 137 142 
		Item523 58 29 137 138 
		Item524 73 20 137 153 
		Item525 48 47 137 151 
		Item526 58 29 138 149 
		Item527 46 53 139 140 
		Item528 98 42 139 144 
		Item529 11 26 139 154 
		Item530 50 51 140 142 
		Item531 85 61 141 188 
		Item532 34 53 141 156 
		Item533 45 72 141 143 
		Item534 54 13 141 152 
		Item535 100 73 141 143 
		Item536 39 45 141 150 
		Item537 55 11 141 142 
		Item538 28 25 141 148 
		Item539 39 57 141 146 
		Item540 86 75 141 150 
		Item541 15 98 141 143 
		Item542 19 94 142 149 
		Item543 48 100 143 152 
		Item544 19 31 144 165 
		Item545 38 77 144 164 
		Item546 28 23 145 147 
		Item547 26 79 145 158 
		Item548 72 36 145 148 
		Item549 90 75 146 150 
		Item550 62 48 146 160 
		Item551 19 38 146 163 
		Item552 70 29 146 158 
		Item553 44 93 146 150 
		Item554 87 73 146 158 
		Item555 46 92 146 151 
		Item556 48 80 146 164 
		Item557 43 83 146 150 
		Item558 80 45 146 147 
		Item559 70 21 146 155 
		Item560 99 53 147 156 
		Item561 11 95 148 150 
		Item562 65 52 148 149 
		Item563 57 49 148 153 
		Item564 85 92 149 150 
		Item565 97 38 149 153 
		Item566 100 14 149 166 
		Item567 82 17 150 157 
		Item568 19 37 151 155 
		Item569 12 61 151 156 
		Item570 10 41 151 160 
		Item571 86 63 151 154 
		Item572 28 24 151 164 
		Item573 16 31 152 164 
		Item574 30 80 152 159 
		Item575 72 54 152 156 
		Item576 66 90 152 155 
		Item577 74 50 152 156 
		Item578 74 63 152 154 
		Item579 48 80 153 178 
		Item580 17 31 153 168 
		Item581 11 87 153 157 
		Item582 94 22 154 155 
		Item583 52 79 155 163 
		Item584 36 71 155 163 
		Item585 64 80 155 176 
		Item586 36 52 155 158 
		Item587 84 93 155 160 
		Item588 32 82 155 168 
		Item589 100 57 155 158 
		Item590 42 33 156 191 
		Item591 60 99 157 158 
		Item592 37 77 157 161 
		Item593 87 39 157 158 
		Item594 67 92 157 158 
		Item595 68 28 157 171 
		Item596 99 56 157 158 
		Item597 46 74 157 159 
		Item598 10 29 157 167 
		Item599 74 50 158 163 
		Item600 18 61 159 169 
		Item601 28 70 159 160 
		Item602 54 62 159 162 
		Item603 94 52 159 167 
		Item604 83 99 159 164 
		Item605 35 34 159 161 
		Item606 32 58 160 170 
		Item607 73 83 161 171 
		Item608 58 35 161 175 
		Item609 66 75 161 184 
		Item610 85 95 161 167 
		Item611 49 53 161 165 
		Item612 53 16 161 166 
		Item613 96 80 161 162 
		Item614 92 86 161 163 
		Item615 53 36 162 198 
		Item616 74 51 162 175 
		Item617 63 42 162 164 
		Item618 72 38 162 165 
		Item619 77 93 162 164 
		Item620 29 45 162 167 
		Item621 41 40 163 171 
		Item622 49 38 164 177 
		Item623 48 48 165 170 
		Item624 23 24 165 171 
		Item625 16 11 165 167 
		Item626 13 74 165 171 
		Item627 15 57 165 167 
		Item628 61 67 165 170 
		Item629 65 98 165 172 
		Item630 80 17 166 179 
		Item631 100 96 166 172 
		Item632 58 10 166 175 
		Item633 57 66 167 169 
		Item634 23 89 168 178 
		Item635 43 65 168 181 
		Item636 40 69 168 173 
		Item637 78 90 169 175 
		Item638 49 77 169 190 
		Item639 78 40 169 175 
		Item640 34 21 169 171 
		Item641 74 88 169 171 
		Item642 34 34 169 194 
		Item643 28 61 169 174 
		Item644 69 21 169 176 
		Item645 73 57 169 175 
		Item646 70 21 169 173 
		Item647 59 24 169 171 
		Item648 47 30 170 183 
		Item649 100 24 170 171 
		Item650 64 42 171 173 
		Item651 90 70 172 178 
		Item652 17 95 173 185 
		Item653 49 40 173 175 
		Item654 25 22 173 174 
		Item655 55 53 174 175 
		Item656 12 42 174 184 
		Item657 26 33 174 192 
		Item658 59 16 174 175 
		Item659 57 18 174 188 
		Item660 45 74 174 176 
		Item661 79 92 174 178 
		Item662 37 36 174 181 
		Item663 93 89 174 187 
		Item664 12 36 174 175 
		Item665 54 98 174 197 
		Item666 78 37 175 191 
		Item667 92 78 176 177 
		Item668 81 49 176 182 
		Item669 49 26 176 182 
		Item670 90 16 176 183 
		Item671 20 20 176 184 
		Item672 18 31 176 182 
		Item673 48 50 177 201 
		Item674 64 65 177 180 
		Item675 36 78 177 178 
		Item676 66 78 177 179 
		Item677 44 92 177 180 
		Item678 42 51 177 187 
		Item679 93 53 177 188 
		Item680 72 86 177 178 
		Item681 44 55 177 179 
		Item682 73 55 178 180 
		Item683 11 78 179 183 
		Item684 82 70 180 185 
		Item685 36 37 181 189 
		Item686 81 47 181 186 
		Item687 16 55 181 186 
		Item688 31 43 181 191 
		Item689 77 78 181 198 
		Item690 85 95 181 188 
		Item691 82 63 181 182 
		Item692 52 10 181 183 
		Item693 78 64 181 188 
		Item694 84 46 182 192 
		Item695 78 40 182 183 
		Item696 82 55 182 207 
		Item697 62 30 183 187 
		Item698 81 96 184 188 
		Item699 32 75 185 194 
		Item700 10 64 185 189 
		Item701 44 97 185 199 
		Item702 71 16 186 194 
		Item703 23 43 186 192 
		Item704 55 61 186 195 
		Item705 38 80 186 204 
		Item706 49 26 186 196 
		Item707 65 83 186 193 
		Item708 30 39 186 200 
		Item709 97 14 187 191 
		Item710 20 49 187 202 
		Item711 84 47 187 188 
		Item712 13 32 187 213 
		Item713 15 99 187 190 
		Item714 71 96 187 188 
		Item715 81 11 188 191 
		Item716 37 19 189 194 
		Item717 85 48 189 194 
		Item718 44 58 189 196 
		Item719 42 67 189 190 
		Item720 29 90 190 198 
		Item721 24 73 190 194 
		Item722 59 62 190 193 
		Item723 58 80 190 196 
		Item724 64 90 190 194 
		Item725 61 86 190 199 
		Item726 57 95 190 192 
		Item727 78 67 190 195 
		Item728 44 39 191 208 
		Item729 37 76 192 210 
		Item730 18 97 193 194 
		Item731 31 25 193 195 
		Item732 91 57 193 208 
		Item733 65 41 193 205 
		Item734 99 38 193 198 
		Item735 13 39 193 197 
		Item736 88 79 193 194 
		Item737 94 57 193 194 
		Item738 58 87 193 203 
		Item739 85 35 194 200 
		Item740 47 21 195 202 
		Item741 47 80 195 217 
		Item742 100 72 195 202 
		Item743 57 34 196 214 
		Item744 87 22 196 200 
		Item745 76 90 196 199 
		Item746 22 74 196 212 
		Item747 21 13 197 207 
		Item748 44 55 197 211 
		Item749 26 52 197 202 
		Item750 16 25 197 216 
		Item751 75 13 197 202 
		Item752 39 80 197 221 
		Item753 99 68 197 210 
		Item754 26 96 197 205 
		Item755 72 40 198 205 
		Item756 75 64 199 216 
		Item757 43 84 199 205 
		Item758 51 53 199 203 
		Item759 34 83 199 235 
		Item760 98 61 199 201 
		Item761 31 99 199 204 
		Item762 25 41 199 214 
		Item763 61 76 200 204 
		Item764 46 67 200 201 
		Item765 19 20 200 207 
		Item766 16 40 200 205 
		Item767 16 35 201 205 
		Item768 62 82 201 207 
		Item769 70 91 201 208 
		Item770 47 87 202 205 
		Item771 76 13 203 229 
		Item772 94 43 204 206 
		Item773 74 19 204 205 
		Item774 31 75 204 209 
		Item775 39 27 204 223 
		Item776 50 50 204 209 
		Item777 92 85 204 206 
		Item778 73 98 205 217 
		Item779 79 62 206 214 
		Item780 97 12 206 214 
		Item781 41 58 206 216 
		Item782 96 100 206 214 
		Item783 29 95 206 209 
		Item784 94 94 206 211 
		Item785 83 23 206 222 
		Item786 60 14 206 207 
		Item787 85 89 206 207 
		Item788 67 63 206 207 
		Item789 16 32 206 216 
		Item790 83 76 207 211 
		Item791 45 31 208 213 
		Item792 21 17 209 219 
		Item793 90 57 209 210 
		Item794 65 25 210 216 
		Item795 16 25 210 211 
		Item796 40 14 210 211 
		Item797 91 38 210 222 
		Item798 88 76 210 229 
		Item799 56 36 210 212 
		Item800 10 52 210 214 
		Item801 28 52 210 211 
		Item802 84 29 210 214 
		Item803 18 73 210 212 
		Item804 81 62 210 220 
		Item805 98 96 211 238 
		Item806 89 25 212 216 
		Item807 54 47 212 215 
		Item808 35 96 212 219 
		Item809 95 35 212 216 
		Item810 12 76 212 220 
		Item811 44 46 212 219 
		Item812 100 34 212 219 
		Item813 36 44 213 215 
		Item814 31 48 213 214 
		Item815 45 64 214 219 
		Item816 54 17 215 227 
		Item817 11 53 215 217 
		Item818 25 26 215 223 
		Item819 91 31 215 224 
		Item820 43 20 215 230 
		Item821 69 29 215 219 
		Item822 67 17 215 219 
		Item823 61 13 215 221 
		Item824 31 80 216 226 
		Item825 83 70 217 218 
		Item826 32 65 217 230 
		Item827 60 26 217 224 
		Item828 69 37 217 219 
		Item829 13 93 217 218 
		Item830 65 20 217 218 
		Item831 68 59 217 228 
		Item832 60 63 217 225 
		Item833 89 75 217 251 
		Item834 43 99 217 223 
		Item835 74 97 217 232 
		Item836 88 99 217 219 
		Item837 28 31 218 223 
		Item838 33 68 218 219 
		Item839 23 17 219 230 
		Item840 72 53 220 241 
		Item841 55 54 220 259 
		Item842 87 20 221 232 
		Item843 82 17 221 240 
		Item844 41 39 221 223 
		Item845 10 28 221 242 
		Item846 12 20 222 231 
		Item847 36 23 222 224 
		Item848 42 15 222 226 
		Item849 34 28 222 225 
		Item850 79 33 222 227 
		Item851 61 19 222 233 
		Item852 83 51 222 223 
		Item853 27 64 222 227 
		Item854 21 31 222 228 
		Item855 97 56 223 230 
		Item856 59 40 224 225 
		Item857 41 89 225 228 
		Item858 62 67 226 235 
		Item859 69 51 226 229 
		Item860 32 63 227 238 
		Item861 52 86 227 229 
		Item862 54 16 227 235 
		Item863 66 46 227 229 
		Item864 64 96 228 234 
		Item865 35 15 228 233 
		Item866 68 44 228 230 
		Item867 40 60 228 251 
		Item868 15 93 228 236 
		Item869 47 15 228 234 
		Item870 30 71 228 237 
		Item871 77 56 228 240 
		Item872 14 87 228 233 
		Item873 14 19 228 235 
		Item874 68 19 229 231 
		Item875 79 44 230 236 
		Item876 87 73 231 237 
		Item877 67 72 231 240 
		Item878 49 70 231 248 
		Item879 27 80 231 249 
		Item880 100 81 231 249 
		Item881 15 80 231 233 
		Item882 93 39 232 233 
		Item883 63 24 232 281 
		Item884 74 13 232 245 
		Item885 79 55 232 238 
		Item886 56 80 232 233 
		Item887 87 73 232 240 
		Item888 60 76 232 233 
		Item889 32 75 232 233 
		Item890 34 48 233 243 
		Item891 26 82 234 235 
		Item892 90 40 234 240 
		Item893 33 100 234 240 
		Item894 63 14 234 244 
		Item895 88 95 235 250 
		Item896 66 41 236 258 
		Item897 100 13 236 259 
		Item898 48 35 236 239 
		Item899 72 22 236 239 
		Item900 25 74 237 247 
		Item901 57 26 237 250 
		Item902 30 88 237 240 
		Item903 55 79 237 244 
		Item904 80 89 237 240 
		Item905 16 53 237 239 
		Item906 23 84 238 249 
		Item907 13 14 239 241 
		Item908 53 60 239 240 
		Item909 23 10 239 240 
		Item910 77 66 239 254 
		Item911 55 80 239 246 
		Item912 68 98 239 245 
		Item913 80 70 239 253 
		Item914 34 61 240 243 
		Item915 75 11 241 243 
		Item916 15 21 241 242 
		Item917 35 75 241 242 
		Item918 90 28 241 256 
		Item919 52 89 241 245 
		Item920 65 70 241 249 
		Item921 86 62 241 242 
		Item922 10 97 241 259 
		Item923 97 71 241 251 
		Item924 69 79 242 252 
		Item925 47 45 243 249 
		Item926 11 84 243 246 
		Item927 55 48 243 245 
		Item928 91 81 243 246 
		Item929 43 92 244 251 
		Item930 19 91 244 257 
		Item931 66 51 244 245 
		Item932 25 74 244 245 
		Item933 77 71 245 248 
		Item934 27 78 246 251 
		Item935 71 30 246 251 
		Item936 39 58 246 259 
		Item937 19 24 246 247 
		Item938 93 48 246 259 
		Item939 50 72 246 265 
		Item940 99 48 246 248 
		Item941 50 13 246 259 
		Item942 92 58 246 247 
		Item943 47 39 246 249 
		Item944 91 52 247 249 
		Item945 15 30 247 249 
		Item946 63 19 247 253 
		Item947 83 54 247 249 
		Item948 72 16 248 249 
		Item949 83 25 248 256 
		Item950 37 28 249 262 
		Item951 29 35 250 271 
		Item952 27 13 250 260 
		Item953 80 85 250 252 
		Item954 42 40 250 267 
		Item955 74 10 250 252 
		Item956 38 35 250 251 
		Item957 94 10 250 269 
		Item958 100 83 250 253 
		Item959 95 13 250 251 
		Item960 85 96 250 258 
		Item961 24 36 251 264 
		Item962 62 35 252 265 
		Item963 86 34 252 259 
		Item964 96 28 253 255 
		Item965 88 55 253 263 
		Item966 37 88 253 254 
		Item967 54 90 253 256 
		Item968 12 45 253 257 
		Item969 76 54 253 257 
		Item970 71 88 253 266 
		Item971 75 21 253 255 
		Item972 47 51 253 260 
		Item973 72 72 254 255 
		Item974 25 11 254 256 
		Item975 23 61 255 259 
		Item976 90 33 255 261 
		Item977 41 13 255 262 
		Item978 41 88 256 261 
		Item979 57 37 257 259 
		Item980 63 31 257 274 
		Item981 40 100 257 273 
		Item982 97 29 257 264 
		Item983 29 18 258 266 
		Item984 61 72 258 268 
		Item985 45 13 258 259 
		Item986 100 64 258 273 
		Item987 23 50 258 261 
		Item988 79 20 258 261 
		Item989 84 80 258 265 
		Item990 69 74 259 275 
		Item991 40 95 260 266 
		Item992 81 71 260 276 
		Item993 74 57 260 261 
		Item994 37 51 260 265 
		Item995 19 29 260 265 
		Item996 47 61 260 276 
		Item997 12 58 260 267 
		Item998 86 99 260 261 
		Item999 37 13 260 265 
		Item1000 26 55 260 263 
		Item1001 46 95 260 263 
		Item1002 19 38 260 281 
		Item1003 68 96 261 263 
		Item1004 64 99 262 268 
		Item1005 77 100 262 268 
		Item1006 72 73 263 264 
		Item1007 16 70 264 268 
		Item1008 35 10 264 265 
		Item1009 33 50 264 278 
		Item1010 28 96 264 268 
		Item1011 76 11 264 268 
		Item1012 64 89 264 277 
		Item1013 87 12 264 280 
		Item1014 100 97 264 265 
		Item1015 80 51 264 265 
		Item1016 30 50 265 269 
		Item1017 49 72 266 278 
		Item1018 55 95 266 267 
		Item1019 18 66 266 278 
		Item1020 88 80 266 286 
		Item1021 24 64 266 280 
		Item1022 14 15 266 271 
		Item1023 99 47 266 274 
		Item1024 34 91 266 268 
		Item1025 55 31 266 270 
		Item1026 10 62 266 288 
		Item1027 22 99 267 275 
		Item1028 49 18 267 271 
		Item1029 29 77 267 272 
		Item1030 74 52 267 290 
		Item1031 31 96 268 289 
		Item1032 43 65 269 278 
		Item1033 66 13 269 270 
		Item1034 84 82 270 271 
		Item1035 94 93 270 289 
		Item1036 48 52 270 271 
		Item1037 82 89 270 272 
		Item1038 58 12 270 271 
		Item1039 39 11 271 273 
		Item1040 31 56 272 278 
		Item1041 30 94 272 278 
		Item1042 92 61 272 300 
		Item1043 23 48 272 275 
		Item1044 58 48 272 274 
		Item1045 58 32 272 275 
		Item1046 63 92 273 276 
		Item1047 28 68 273 285 
		Item1048 56 16 273 295 
		Item1049 31 22 274 275 
		Item1050 76 48 274 278 
		Item1051 44 45 274 277 
		Item1052 64 45 274 279 
		Item1053 89 54 275 283 
		Item1054 44 40 276 278 
		Item1055 30 66 276 282 
		Item1056 67 35 276 279 
		Item1057 32 72 276 287 
		Item1058 41 70 277 278 
		Item1059 88 36 277 278 
		Item1060 84 22 277 292 
		Item1061 51 28 277 285 
		Item1062 28 13 277 290 
		Item1063 68 84 277 278 
		Item1064 89 57 277 283 
		Item1065 93 24 277 284 
		Item1066 38 53 277 292 
		Item1067 42 74 277 287 
		Item1068 84 21 278 282 
		Item1069 82 28 279 283 
		Item1070 94 76 279 280 
		Item1071 26 66 279 284 
		Item1072 38 75 279 283 
		Item1073 80 94 279 284 
		Item1074 14 77 280 281 
		Item1075 62 34 280 290 
		Item1076 46 15 280 281 
		Item1077 26 61 280 291 
		Item1078 82 73 280 285 
		Item1079 76 91 281 286 
		Item1080 84 52 282 283 
		Item1081 50 83 282 298 
		Item1082 17 14 282 298 
		Item1083 72 26 282 283 
		Item1084 78 52 282 293 
		Item1085 12 40 282 283 
		Item1086 82 34 282 293 
		Item1087 27 78 282 293 
		Item1088 36 80 282 293 
		Item1089 31 47 282 298 
		Item1090 93 90 283 288 
		Item1091 92 84 284 293 
		Item1092 59 11 285 290 
		Item1093 86 70 286 294 
		Item1094 54 26 286 293 
		Item1095 85 75 286 297 
		Item1096 20 15 286 289 
		Item1097 90 84 286 288 
		Item1098 46 38 286 296 
		Item1099 75 24 287 290 
		Item1100 61 48 287 290 
		Item1101 69 15 287 288 
		Item1102 90 32 287 296 
		Item1103 15 82 287 301 
		Item1104 79 48 287 300 
		Item1105 49 11 287 290 
		Item1106 32 53 287 295 
		Item1107 69 26 288 318 
		Item1108 10 31 288 291 
		Item1109 89 13 288 292 
		Item1110 84 88 288 290 
		Item1111 61 37 289 296 
		Item1112 64 47 290 291 
		Item1113 54 38 291 301 
		Item1114 30 89 291 314 
		Item1115 81 13 291 303 
		Item1116 45 29 291 303 
		Item1117 76 25 291 304 
		Item1118 48 41 291 297 
		Item1119 29 14 292 293 
		Item1120 55 21 292 295 
		Item1121 19 85 292 294 
		Item1122 46 24 292 300 
		Item1123 12 36 292 300 
		Item1124 56 15 292 300 
		Item1125 28 38 293 299 
		Item1126 65 52 294 317 
		Item1127 99 97 294 302 
		Item1128 45 19 295 299 
		Item1129 88 54 295 300 
		Item1130 69 50 295 298 
		Item1131 75 79 295 304 
		Item1132 71 53 295 308 
		Item1133 55 46 296 313 
		Item1134 73 36 296 297 
		Item1135 22 81 297 319 
		Item1136 16 52 297 298 
		Item1137 69 52 297 306 
		Item1138 20 93 297 328 
		Item1139 33 99 297 303 
		Item1140 35 28 298 306 
		Item1141 72 55 299 314 
		Item1142 81 98 299 304 
		Item1143 19 26 299 300 
		Item1144 15 82 299 300 
		Item1145 87 98 299 302 
		Item1146 11 17 299 300 
		Item1147 51 47 299 300 
		Item1148 28 98 299 305 
		Item1149 81 88 299 307 
		Item1150 46 27 299 305 
		Item1151 63 66 299 307 
		Item1152 80 34 299 304 
		Item1153 48 54 300 306 
		Item1154 46 76 301 323 
		Item1155 12 46 301 304 
		Item1156 63 64 301 318 
		Item1157 76 92 302 304 
		Item1158 75 61 302 304 
		Item1159 45 80 302 313 
		Item1160 35 54 302 310 
		Item1161 59 57 302 312 
		Item1162 81 11 302 311 
		Item1163 32 35 302 304 
		Item1164 95 79 303 304 
		Item1165 41 14 303 308 
		Item1166 51 39 303 313 
		Item1167 69 69 303 305 
		Item1168 69 69 303 304 
		Item1169 13 86 304 308 
		Item1170 43 14 305 332 
		Item1171 27 28 305 306 
		Item1172 20 38 305 313 
		Item1173 66 94 305 310 
		Item1174 90 77 305 320 
		Item1175 54 75 305 312 
		Item1176 84 45 305 315 
		Item1177 29 31 305 306 
		Item1178 86 77 305 309 
		Item1179 58 13 305 311 
		Item1180 24 21 305 327 
		Item1181 46 51 305 306 
		Item1182 94 38 305 315 
		Item1183 62 83 306 321 
		Item1184 44 97 307 308 
		Item1185 65 76 307 318 
		Item1186 62 58 307 310 
		Item1187 79 96 307 315 
		Item1188 73 91 307 309 
		Item1189 43 49 307 309 
		Item1190 12 13 307 309 
		Item1191 40 29 308 318 
		Item1192 99 11 308 315 
		Item1193 43 44 309 317 
		Item1194 36 11 310 326 
		Item1195 99 61 310 318 
		Item1196 44 63 310 324 
		Item1197 30 98 310 312 
		Item1198 28 96 310 323 
		Item1199 88 70 311 316 
		Item1200 83 77 311 324 
		Item1201 20 70 312 320 
		Item1202 65 18 313 318 
		Item1203 17 63 314 329 
		Item1204 43 93 314 315 
		Item1205 77 39 314 320 
		Item1206 25 60 314 316 
		Item1207 18 99 314 326 
		Item1208 18 10 314 315 
		Item1209 89 64 314 315 
		Item1210 45 86 314 320 
		Item1211 67 77 314 320 
		Item1212 30 95 315 320 
		Item1213 51 85 316 332 
		Item1214 99 46 316 317 
		Item1215 43 74 316 332 
		Item1216 91 98 317 329 
		Item1217 25 18 317 318 
		Item1218 59 84 317 319 
		Item1219 87 58 317 319 
		Item1220 65 39 317 318 
		Item1221 17 95 317 337 
		Item1222 66 51 317 322 
		Item1223 21 74 317 327 
		Item1224 93 48 317 318 
		Item1225 85 70 318 333 
		Item1226 90 51 319 322 
		Item1227 70 19 319 339 
		Item1228 80 30 319 327 
		Item1229 14 31 319 340 
		Item1230 29 84 319 332 
		Item1231 11 11 319 333 
		Item1232 98 75 319 336 
		Item1233 39 25 319 321 
		Item1234 51 14 319 336 
		Item1235 85 95 319 320 
		Item1236 10 44 320 322 
		Item1237 96 69 321 331 
		Item1238 86 20 322 325 
		Item1239 16 39 322 333 
		Item1240 47 55 323 326 
		Item1241 58 57 324 340 
		Item1242 55 52 324 331 
		Item1243 64 26 324 325 
		Item1244 28 73 324 325 
		Item1245 15 11 324 329 
		Item1246 96 90 324 335 
		Item1247 31 69 325 334 
		Item1248 65 30 326 347 
		Item1249 66 100 326 327 
		Item1250 98 56 326 328 
		Item1251 22 81 326 334 
		Item1252 47 41 327 356 
		Item1253 11 37 328 343 
		Item1254 64 37 328 337 
		Item1255 93 34 328 350 
		Item1256 68 71 328 330 
		Item1257 53 64 329 337 
		Item1258 32 57 329 335 
		Item1259 22 77 329 360 
		Item1260 14 10 329 332 
		Item1261 96 85 329 337 
		Item1262 64 51 329 330 
		Item1263 52 92 329 345 
		Item1264 56 32 329 330 
		Item1265 28 13 329 332 
		Item1266 65 98 330 336 
		Item1267 22 92 331 341 
		Item1268 89 88 331 332 
		Item1269 31 86 331 348 
		Item1270 11 93 331 332 
		Item1271 75 90 332 340 
		Item1272 18 73 333 342 
		Item1273 60 54 333 340 
		Item1274 63 80 333 334 
		Item1275 29 99 333 337 
		Item1276 96 93 333 339 
		Item1277 27 83 333 364 
		Item1278 74 53 333 338 
		Item1279 61 70 333 341 
		Item1280 85 61 333 336 
		Item1281 66 91 333 337 
		Item1282 52 71 333 334 
		Item1283 41 61 334 337 
		Item1284 82 17 334 344 
		Item1285 15 54 334 337 
		Item1286 31 32 334 345 
		Item1287 13 17 335 338 
		Item1288 45 65 335 343 
		Item1289 81 87 336 338 
		Item1290 100 39 336 337 
		Item1291 21 23 336 340 
		Item1292 17 43 336 355 
		Item1293 86 51 336 337 
		Item1294 44 47 337 342 
		Item1295 51 67 338 343 
		Item1296 89 29 338 343 
		Item1297 41 64 338 340 
		Item1298 73 11 338 364 
		Item1299 75 27 338 342 
		Item1300 81 91 338 339 
		Item1301 80 80 338 341 
		Item1302 85 68 338 340 
		Item1303 50 95 338 343 
		Item1304 53 50 338 346 
		Item1305 61 89 338 340 
		Item1306 45 86 338 348 
		Item1307 30 93 339 340 
		Item1308 52 75 339 351 
		Item1309 90 45 340 360 
		Item1310 67 77 341 347 
		Item1311 55 100 341 351 
		Item1312 18 78 342 343 
		Item1313 49 30 342 372 
		Item1314 80 56 342 345 
		Item1315 37 57 342 355 
		Item1316 80 98 342 349 
		Item1317 32 54 342 354 
		Item1318 61 86 342 354 
		Item1319 77 57 342 347 
		Item1320 58 95 342 347 
		Item1321 46 77 342 359 
		Item1322 74 87 342 344 
		Item1323 46 18 343 348 
		Item1324 75 59 344 357 
		Item1325 80 41 344 347 
		Item1326 88 36 344 355 
		Item1327 31 35 344 347 
		Item1328 41 61 345 347 
		Item1329 22 36 345 352 
		Item1330 38 24 345 346 
		Item1331 52 52 345 352 
		Item1332 77 77 346 379 
		Item1333 51 51 346 358 
		Item1334 45 82 346 350 
		Item1335 34 60 346 356 
		Item1336 14 61 346 360 
		Item1337 12 23 347 362 
		Item1338 56 69 348 350 
		Item1339 48 71 348 349 
		Item1340 63 67 349 353 
		Item1341 27 56 349 353 
		Item1342 73 31 349 364 
		Item1343 50 10 349 350 
		Item1344 75 60 350 357 
		Item1345 84 49 351 352 
		Item1346 41 18 351 357 
		Item1347 77 39 352 356 
		Item1348 28 32 352 384 
		Item1349 70 22 352 367 
		Item1350 76 72 352 353 
		Item1351 40 70 352 354 
		Item1352 62 54 353 367 
		Item1353 68 80 353 368 
		Item1354 20 31 353 354 
		Item1355 72 23 353 359 
		Item1356 10 91 353 359 
		Item1357 85 32 354 365 
		Item1358 20 77 355 370 
		Item1359 15 17 355 358 
		Item1360 51 92 355 370 
		Item1361 32 62 355 356 
		Item1362 19 62 355 370 
		Item1363 11 55 355 374 
		Item1364 69 71 355 357 
		Item1365 42 95 356 357 
		Item1366 99 99 356 378 
		Item1367 65 99 356 358 
		Item1368 25 91 356 361 
		Item1369 60 81 356 361 
		Item1370 65 37 356 373 
		Item1371 61 96 357 375 
		Item1372 23 79 358 381 
		Item1373 97 32 358 367 
		Item1374 20 50 358 366 
		Item1375 52 71 359 360 
		Item1376 25 98 359 360 
		Item1377 28 12 359 367 
		Item1378 100 41 359 360 
		Item1379 48 74 359 363 
		Item1380 100 47 359 360 
		Item1381 39 58 359 366 
		Item1382 89 39 360 362 
		Item1383 18 83 361 362 
		Item1384 84 30 361 367 
		Item1385 28 49 362 363 
		Item1386 89 58 362 374 
		Item1387 79 16 362 363 
		Item1388 72 78 363 380 
		Item1389 98 35 364 369 
		Item1390 28 28 364 406 
		Item1391 27 36 364 365 
		Item1392 53 35 364 368 
		Item1393 97 10 365 372 
		Item1394 77 36 365 381 
		Item1395 32 98 365 373 
		Item1396 34 13 366 375 
		Item1397 60 98 366 367 
		Item1398 63 81 366 403 
		Item1399 79 62 366 367 
		Item1400 22 34 366 369 
		Item1401 56 34 366 371 
		Item1402 35 95 366 367 
		Item1403 41 51 366 367 
		Item1404 26 59 366 378 
		Item1405 50 56 366 371 
		Item1406 12 17 367 387 
		Item1407 96 44 368 385 
		Item1408 69 74 369 377 
		Item1409 16 44 369 399 
		Item1410 34 56 369 376 
		Item1411 21 48 369 386 
		Item1412 94 66 369 375 
		Item1413 23 65 369 374 
		Item1414 31 49 369 373 
		Item1415 21 13 369 371 
		Item1416 78 92 369 391 
		Item1417 56 21 369 378 
		Item1418 57 82 369 371 
		Item1419 49 58 370 393 
		Item1420 68 44 371 383 
		Item1421 26 35 372 375 
		Item1422 44 38 372 390 
		Item1423 88 13 373 396 
		Item1424 96 46 373 376 
		Item1425 14 97 373 375 
		Item1426 88 47 373 374 
		Item1427 89 54 373 380 
		Item1428 70 26 373 385 
		Item1429 89 74 374 381 
		Item1430 44 75 375 379 
		Item1431 89 38 376 399 
		Item1432 61 50 376 389 
		Item1433 49 14 376 381 
		Item1434 33 68 376 382 
		Item1435 64 94 376 377 
		Item1436 45 43 377 387 
		Item1437 52 30 377 386 
		Item1438 59 69 377 387 
		Item1439 23 35 377 379 
		Item1440 76 70 378 380 
		Item1441 97 10 378 385 
		Item1442 84 66 379 390 
		Item1443 67 13 379 381 
		Item1444 19 38 379 393 
		Item1445 33 26 379 391 
		Item1446 87 45 379 381 
		Item1447 91 68 380 384 
		Item1448 70 37 380 383 
		Item1449 10 33 380 381 
		Item1450 76 27 380 382 
		Item1451 53 37 380 383 
		Item1452 91 26 380 382 
		Item1453 57 26 381 414 
		Item1454 80 71 382 400 
		Item1455 50 63 383 395 
		Item1456 17 18 383 393 
		Item1457 91 90 383 394 
		Item1458 15 98 384 387 
		Item1459 65 91 384 392 
		Item1460 55 51 385 387 
		Item1461 52 98 386 396 
		Item1462 56 50 386 397 
		Item1463 38 57 386 389 
		Item1464 63 31 386 390 
		Item1465 97 51 386 387 
		Item1466 23 54 386 388 
		Item1467 21 94 386 389 
		Item1468 85 60 386 388 
		Item1469 20 43 387 391 
		Item1470 85 72 388 404 
		Item1471 43 53 388 393 
		Item1472 83 66 388 399 
		Item1473 41 42 388 393 
		Item1474 42 75 388 393 
		Item1475 68 46 388 393 
		Item1476 27 72 389 397 
		Item1477 66 44 390 422 
		Item1478 83 98 390 395 
		Item1479 66 81 390 394 
		Item1480 98 42 390 400 
		Item1481 42 48 391 392 
		Item1482 21 76 392 397 
		Item1483 72 21 392 397 
		Item1484 30 49 392 398 
		Item1485 16 18 392 402 
		Item1486 54 95 392 394 
		Item1487 16 16 392 393 
		Item1488 35 34 392 396 
		Item1489 100 33 393 431 
		Item1490 16 23 394 410 
		Item1491 42 90 394 397 
		Item1492 86 22 394 396 
		Item1493 39 84 395 408 
		Item1494 31 54 395 420 
		Item1495 39 46 395 416 
		Item1496 76 72 395 403 
		Item1497 58 19 395 404 
		Item1498 65 52 395 397 
		Item1499 61 44 395 408 
		Item1500 45 32 395 398 
		Item1501 46 97 395 400 
		Item1502 98 95 395 424 
		Item1503 87 37 395 397 
		Item1504 22 46 396 404 
		Item1505 86 87 396 414 
		Item1506 50 95 396 401 
		Item1507 93 15 397 400 
		Item1508 38 36 398 410 
		Item1509 36 100 398 400 
		Item1510 44 67 398 400 
		Item1511 51 72 398 403 
		Item1512 15 79 398 403 
		Item1513 12 94 398 413 
		Item1514 53 48 399 407 
		Item1515 71 63 399 402 
		Item1516 68 59 399 407 
		Item1517 73 81 399 401 
		Item1518 68 59 399 400 
		Item1519 19 79 399 402 
		Item1520 21 63 400 401 
		Item1521 91 58 401 430 
		Item1522 44 92 402 412 
		Item1523 76 11 402 404 
		Item1524 66 69 402 406 
		Item1525 49 17 402 405 
		Item1526 51 48 402 405 
		Item1527 20 25 402 408 
		Item1528 46 40 402 404 
		Item1529 72 46 402 427 
		Item1530 31 79 403 405 
		Item1531 84 84 403 411 
		Item1532 78 13 403 408 
		Item1533 46 84 403 411 
		Item1534 31 80 403 409 
		Item1535 83 96 403 409 
		Item1536 31 82 403 419 
		Item1537 86 96 404 406 
		Item1538 80 32 405 410 
		Item1539 42 90 405 423 
		Item1540 21 32 405 406 
		Item1541 24 25 405 424 
		Item1542 70 14 405 406 
		Item1543 76 62 405 408 
		Item1544 48 51 405 414 
		Item1545 55 35 406 417 
		Item1546 38 52 407 410 
		Item1547 40 42 407 415 
		Item1548 88 74 407 422 
		Item1549 55 41 407 414 
		Item1550 55 13 408 417 
		Item1551 80 81 409 413 
		Item1552 80 20 409 451 
		Item1553 27 18 409 414 
		Item1554 85 39 410 425 
		Item1555 66 20 411 423 
		Item1556 60 26 411 412 
		Item1557 90 85 411 412 
		Item1558 57 89 412 415 
		Item1559 10 95 412 413 
		Item1560 95 29 412 415 
		Item1561 89 74 412 414 
		Item1562 63 39 412 425 
		Item1563 66 93 413 429 
		Item1564 18 15 413 417 
		Item1565 13 13 413 420 
		Item1566 67 96 413 417 
		Item1567 55 55 413 424 
		Item1568 43 74 413 429 
		Item1569 97 25 413 420 
		Item1570 96 87 413 416 
		Item1571 65 55 413 414 
		Item1572 68 92 414 417 
		Item1573 49 75 415 417 
		Item1574 88 72 416 418 
		Item1575 81 64 416 446 
		Item1576 33 28 416 427 
		Item1577 38 95 416 425 
		Item1578 29 95 416 418 
		Item1579 49 36 416 417 
		Item1580 89 47 416 431 
		Item1581 48 69 416 421 
		Item1582 11 28 417 424 
		Item1583 43 54 418 426 
		Item1584 81 49 418 421 
		Item1585 34 52 418 424 
		Item1586 91 58 418 430 
		Item1587 69 91 418 426 
		Item1588 63 24 418 419 
		Item1589 69 90 419 455 
		Item1590 63 54 420 427 
		Item1591 27 10 420 438 
		Item1592 77 14 420 426 
		Item1593 69 65 420 423 
		Item1594 58 42 421 435 
		Item1595 72 62 422 428 
		Item1596 17 76 422 438 
		Item1597 43 48 422 436 
		Item1598 39 94 422 427 
		Item1599 36 38 422 426 
		Item1600 12 10 423 424 
		Item1601 65 88 424 431 
		Item1602 68 75 425 428 
		Item1603 47 63 425 438 
		Item1604 77 79 425 435 
		Item1605 95 61 425 432 
		Item1606 98 31 425 435 
		Item1607 78 10 425 438 
		Item1608 24 88 425 437 
		Item1609 97 51 425 436 
		Item1610 100 89 425 433 
		Item1611 66 14 425 429 
		Item1612 62 87 425 427 
		Item1613 68 73 426 454 
		Item1614 51 48 427 436 
		Item1615 27 94 428 439 
		Item1616 55 58 428 431 
		Item1617 74 23 428 433 
		Item1618 38 66 428 438 
		Item1619 76 100 429 434 
		Item1620 72 88 429 430 
		Item1621 76 37 429 430 
		Item1622 60 66 429 434 
		Item1623 18 54 429 432 
		Item1624 33 73 430 433 
		Item1625 57 53 431 440 
		Item1626 52 92 432 435 
		Item1627 77 43 432 466 
		Item1628 74 33 433 447 
		Item1629 42 18 433 434 
		Item1630 62 35 433 438 
		Item1631 43 51 433 442 
		Item1632 63 48 433 438 
		Item1633 53 61 433 441 
		Item1634 50 13 433 435 
		Item1635 65 89 434 438 
		Item1636 39 90 434 437 
		Item1637 80 83 434 438 
		Item1638 27 30 435 439 
		Item1639 100 91 436 444 
		Item1640 40 29 436 438 
		Item1641 99 18 436 438 
		Item1642 22 34 436 443 
		Item1643 85 37 436 448 
		Item1644 82 55 436 437 
		Item1645 12 49 436 459 
		Item1646 97 46 436 441 
		Item1647 41 42 436 455 
		Item1648 30 32 436 437 
		Item1649 15 53 436 461 
		Item1650 72 68 436 440 
		Item1651 59 23 436 442 
		Item1652 73 67 437 442 
		Item1653 19 10 437 441 
		Item1654 87 12 437 443 
		Item1655 85 73 437 445 
		Item1656 81 99 438 458 
		Item1657 15 82 439 440 
		Item1658 32 100 439 448 
		Item1659 72 10 439 466 
		Item1660 85 24 439 444 
		Item1661 21 85 439 452 
		Item1662 37 75 440 446 
		Item1663 11 30 440 450 
		Item1664 50 78 440 453 
		Item1665 89 66 440 441 
		Item1666 14 84 440 462 
		Item1667 99 14 441 449 
		Item1668 34 88 442 447 
		Item1669 13 36 443 456 
		Item1670 72 27 443 444 
		Item1671 82 67 443 449 
		Item1672 34 27 443 445 
		Item1673 90 45 443 455 
		Item1674 42 39 443 452 
		Item1675 73 75 444 459 
		Item1676 64 53 444 452 
		Item1677 71 80 445 448 
		Item1678 65 64 445 454 
		Item1679 31 100 445 450 
		Item1680 52 36 445 455 
		Item1681 77 95 446 455 
		Item1682 68 78 446 447 
		Item1683 86 15 446 449 
		Item1684 56 84 447 453 
		Item1685 88 98 447 467 
		Item1686 45 29 447 483 
		Item1687 75 77 447 449 
		Item1688 79 86 447 448 
		Item1689 80 95 447 453 
		Item1690 41 77 448 459 
		Item1691 33 25 449 450 
		Item1692 41 68 449 451 
		Item1693 67 79 449 471 
		Item1694 88 70 449 452 
		Item1695 55 78 450 457 
		Item1696 97 99 451 467 
		Item1697 56 68 451 452 
		Item1698 12 22 451 459 
		Item1699 30 92 451 456 
		Item1700 52 89 451 454 
		Item1701 63 93 451 461 
		Item1702 62 85 451 452 
		Item1703 43 39 452 455 
		Item1704 51 53 453 461 
		Item1705 27 83 453 466 
		Item1706 39 20 453 454 
		Item1707 17 16 453 461 
		Item1708 66 34 453 465 
		Item1709 57 72 453 457 
		Item1710 59 74 453 464 
		Item1711 22 11 453 454 
		Item1712 65 57 453 458 
		Item1713 46 15 454 455 
		Item1714 89 86 455 459 
		Item1715 53 45 456 471 
		Item1716 16 72 456 461 
		Item1717 16 20 456 466 
		Item1718 47 88 456 460 
		Item1719 97 93 456 458 
		Item1720 63 92 456 457 
		Item1721 14 52 456 461 
		Item1722 59 34 456 460 
		Item1723 17 61 456 468 
		Item1724 21 23 457 467 
		Item1725 86 73 457 475 
		Item1726 40 84 457 469 
		Item1727 19 41 458 470 
		Item1728 51 83 458 461 
		Item1729 79 99 458 474 
		Item1730 17 17 458 461 
		Item1731 21 98 458 472 
		Item1732 75 36 458 493 
		Item1733 61 84 459 461 
		Item1734 12 61 460 462 
		Item1735 99 30 460 461 
		Item1736 11 11 460 462 
		Item1737 47 88 460 464 
		Item1738 62 64 460 472 
		Item1739 66 11 461 463 
		Item1740 95 23 462 463 
		Item1741 64 24 462 467 
		Item1742 10 36 462 464 
		Item1743 36 69 462 465 
		Item1744 92 91 462 477 
		Item1745 41 31 463 470 
		Item1746 92 25 463 465 
		Item1747 19 95 463 499 
		Item1748 25 72 463 474 
		Item1749 59 54 463 466 
		Item1750 17 46 463 471 
		Item1751 98 41 463 464 
		Item1752 73 22 464 485 
		Item1753 62 87 464 474 
		Item1754 39 66 464 469 
		Item1755 16 96 464 471 
		Item1756 23 81 464 474 
		Item1757 88 67 464 479 
		Item1758 83 71 464 490 
		Item1759 17 23 465 481 
		Item1760 53 22 465 468 
		Item1761 26 17 466 469 
		Item1762 90 78 467 476 
		Item1763 58 15 468 474 
		Item1764 19 46 468 477 
		Item1765 95 82 468 473 
		Item1766 25 14 469 479 
		Item1767 85 51 469 478 
		Item1768 65 63 469 476 
		Item1769 15 87 469 475 
		Item1770 82 11 469 479 
		Item1771 26 38 469 471 
		Item1772 44 58 469 470 
		Item1773 10 15 469 471 
		Item1774 15 89 470 479 
		Item1775 89 23 470 479 
		Item1776 94 19 470 472 
		Item1777 40 93 470 482 
		Item1778 58 71 470 473 
		Item1779 63 42 471 487 
		Item1780 77 16 472 473 
		Item1781 58 86 472 473 
		Item1782 53 55 472 476 
		Item1783 89 32 472 475 
		Item1784 39 40 473 488 
		Item1785 78 46 473 475 
		Item1786 51 84 473 500 
		Item1787 93 13 473 486 
		Item1788 34 16 473 478 
		Item1789 71 61 473 487 
		Item1790 43 88 473 483 
		Item1791 68 35 473 475 
		Item1792 39 71 474 482 
		Item1793 39 46 475 480 
		Item1794 96 29 476 480 
		Item1795 16 93 476 485 
		Item1796 47 63 477 478 
		Item1797 72 90 477 482 
		Item1798 24 88 477 482 
		Item1799 38 35 477 479 
		Item1800 51 21 477 479 
		Item1801 69 45 477 482 
		Item1802 72 38 477 480 
		Item1803 61 59 477 481 
		Item1804 85 64 478 495 
		Item1805 70 53 478 486 
		Item1806 81 10 478 484 
		Item1807 37 61 478 491 
		Item1808 10 96 479 488 
		Item1809 78 54 480 482 
		Item1810 36 60 480 485 
		Item1811 71 33 480 482 
		Item1812 72 27 480 489 
		Item1813 88 39 480 491 
		Item1814 80 79 480 510 
		Item1815 99 83 480 490 
		Item1816 99 34 481 491 
		Item1817 17 77 481 482 
		Item1818 55 99 481 483 
		Item1819 54 47 481 492 
		Item1820 38 37 481 491 
		Item1821 30 48 482 505 
		Item1822 45 90 483 516 
		Item1823 21 14 483 488 
		Item1824 53 46 483 484 
		Item1825 68 48 483 485 
		Item1826 12 54 483 484 
		Item1827 64 28 483 497 
		Item1828 50 20 484 494 
		Item1829 86 99 485 491 
		Item1830 20 69 486 487 
		Item1831 72 91 486 491 
		Item1832 14 31 486 488 
		Item1833 75 87 487 491 
		Item1834 85 69 487 519 
		Item1835 52 61 487 502 
		Item1836 27 78 487 488 
		Item1837 75 36 487 489 
		Item1838 46 44 487 504 
		Item1839 77 33 487 488 
		Item1840 49 49 487 495 
		Item1841 17 61 487 490 
		Item1842 88 86 487 502 
		Item1843 22 54 487 494 
		Item1844 86 30 487 497 
		Item1845 71 79 488 496 
		Item1846 20 71 489 502 
		Item1847 63 34 489 491 
		Item1848 16 86 489 497 
		Item1849 29 28 489 493 
		Item1850 23 31 489 491 
		Item1851 51 90 490 492 
		Item1852 29 77 490 502 
		Item1853 69 18 490 494 
		Item1854 77 49 490 492 
		Item1855 78 71 491 518 
		Item1856 22 13 492 494 
		Item1857 73 67 492 494 
		Item1858 77 77 492 494 
		Item1859 84 55 493 501 
		Item1860 34 45 493 496 
		Item1861 54 13 493 511 
		Item1862 29 92 493 496 
		Item1863 17 60 493 504 
		Item1864 80 10 493 495 
		Item1865 70 70 493 499 
		Item1866 96 16 493 500 
		Item1867 63 96 493 518 
		Item1868 43 42 493 503 
		Item1869 99 45 493 509 
		Item1870 18 52 494 498 
		Item1871 50 40 495 546 
		Item1872 77 28 496 500 
		Item1873 99 60 496 499 
		Item1874 91 66 496 502 
		Item1875 66 76 497 498 
		Item1876 25 82 498 502 
		Item1877 92 29 498 502 
		Item1878 73 87 499 501 
		Item1879 94 83 499 509 
		Item1880 96 85 499 500 
		Item1881 54 30 499 502 
		Item1882 15 66 499 504 
		Item1883 55 28 499 516 
		Item1884 89 79 499 512 
		Item1885 91 72 499 510 
		Item1886 76 95 500 501 
		Item1887 87 37 500 512 
		Item1888 87 52 500 528 
		Item1889 94 49 501 502 
		Item1890 76 16 501 535 
		Item1891 62 74 501 514 
		Item1892 65 77 501 504 
		Item1893 60 14 501 513 
		Item1894 52 27 501 503 
		Item1895 88 45 501 519 
		Item1896 87 100 501 508 
		Item1897 29 37 502 506 
		Item1898 58 69 503 507 
		Item1899 91 51 503 508 
		Item1900 26 69 503 506 
		Item1901 72 86 503 520 
		Item1902 91 90 503 504 
		Item1903 71 100 503 537 
		Item1904 36 34 503 504 
		Item1905 79 81 504 505 
		Item1906 98 96 505 513 
		Item1907 17 62 506 517 
		Item1908 60 91 506 507 
		Item1909 64 56 507 508 
		Item1910 61 88 507 508 
		Item1911 29 69 507 529 
		Item1912 100 20 507 508 
		Item1913 61 45 507 515 
		Item1914 85 24 508 511 
		Item1915 62 92 509 510 
		Item1916 23 74 509 511 
		Item1917 95 11 509 512 
		Item1918 47 28 509 511 
		Item1919 75 22 509 517 
		Item1920 96 54 509 514 
		Item1921 100 37 509 520 
		Item1922 67 51 509 516 
		Item1923 64 49 509 514 
		Item1924 48 39 509 522 
		Item1925 22 96 509 510 
		Item1926 23 18 510 512 
		Item1927 39 59 510 512 
		Item1928 95 34 511 521 
		Item1929 78 36 512 515 
		Item1930 44 56 513 516 
		Item1931 94 86 513 529 
		Item1932 65 17 513 518 
		Item1933 67 60 513 522 
		Item1934 16 26 513 529 
		Item1935 87 58 513 514 
		Item1936 42 33 514 529 
		Item1937 27 87 515 525 
		Item1938 84 92 515 523 
		Item1939 18 83 515 522 
		Item1940 87 22 515 534 
		Item1941 79 83 515 516 
		Item1942 92 40 516 522 
		Item1943 87 100 517 519 
		Item1944 62 62 517 532 
		Item1945 96 15 517 534 
		Item1946 11 15 517 518 
		Item1947 41 87 517 524 
		Item1948 96 98 517 527 
		Item1949 89 10 517 527 
		Item1950 99 57 517 525 
		Item1951 50 46 517 544 
		Item1952 89 92 518 521 
		Item1953 32 67 519 522 
		Item1954 10 10 519 523 
		Item1955 67 45 519 526 
		Item1956 75 78 519 520 
		Item1957 26 76 520 562 
		Item1958 44 32 520 539 
		Item1959 76 40 520 522 
		Item1960 26 60 520 521 
		Item1961 79 10 520 522 
		Item1962 99 67 520 531 
		Item1963 67 73 520 522 
		Item1964 60 89 521 528 
		Item1965 98 44 521 539 
		Item1966 62 14 522 524 
		Item1967 14 13 523 524 
		Item1968 46 19 523 534 
		Item1969 58 19 523 536 
		Item1970 12 66 523 525 
		Item1971 64 18 524 530 
		Item1972 11 73 524 526 
		Item1973 51 86 524 526 
		Item1974 80 85 524 526 
		Item1975 13 16 524 527 
		Item1976 26 87 524 526 
		Item1977 20 68 524 525 
		Item1978 54 34 525 533 
		Item1979 64 69 525 526 
		Item1980 20 73 525 528 
		Item1981 73 75 526 542 
		Item1982 64 75 527 531 
		Item1983 45 30 527 532 
		Item1984 13 65 527 536 
		Item1985 42 92 527 529 
		Item1986 69 82 527 539 
		Item1987 53 33 527 541 
		Item1988 26 14 528 536 
		Item1989 77 33 528 530 
		Item1990 37 25 528 533 
		Item1991 29 94 528 529 
		Item1992 22 63 529 531 
		Item1993 90 89 530 535 
		Item1994 15 31 530 533 
		Item1995 69 87 530 534 
		Item1996 77 45 530 539 
		Item1997 81 48 531 542 
		Item1998 79 97 531 547 
		Item1999 65 85 531 556 
		Item2000 88 66 531 541 
		Item2001 54 10 532 569 
		Item2002 32 18 532 539 
		Item2003 32 28 533 534 
		Item2004 86 95 533 540 
		Item2005 73 62 533 536 
		Item2006 51 89 533 541 
		Item2007 94 15 533 549 
		Item2008 22 96 533 537 
		Item2009 54 72 533 539 
		Item2010 68 93 533 535 
		Item2011 18 99 534 538 
		Item2012 69 36 535 551 
		Item2013 48 19 535 539 
		Item2014 36 27 535 536 
		Item2015 93 94 535 539 
		Item2016 73 48 535 539 
		Item2017 78 66 535 567 
		Item2018 22 11 535 552 
		Item2019 91 79 536 538 
		Item2020 91 79 537 541 
		Item2021 89 64 537 559 
		Item2022 98 54 537 541 
		Item2023 21 64 538 562 
		Item2024 27 40 538 545 
		Item2025 54 44 538 545 
		Item2026 36 29 538 539 
		Item2027 78 93 538 545 
		Item2028 33 96 538 546 
		Item2029 95 67 539 540 
		Item2030 64 50 540 543 
		Item2031 82 15 540 544 
		Item2032 19 68 540 555 
		Item2033 48 19 540 543 
		Item2034 15 52 540 550 
		Item2035 84 84 540 557 
		Item2036 33 28 540 551 
		Item2037 42 20 540 541 
		Item2038 100 22 540 564 
		Item2039 100 19 540 551 
		Item2040 80 66 540 541 
		Item2041 76 63 541 542 
		Item2042 40 20 542 548 
		Item2043 65 76 542 543 
		Item2044 48 25 542 552 
		Item2045 13 20 542 544 
		Item2046 44 69 543 544 
		Item2047 22 75 543 548 
		Item2048 35 19 543 544 
		Item2049 10 32 543 557 
		Item2050 99 60 543 546 
		Item2051 64 64 543 546 
		Item2052 60 27 544 547 
		Item2053 52 65 545 560 
		Item2054 67 82 545 550 
		Item2055 89 42 545 549 
		Item2056 64 67 545 549 
		Item2057 33 19 545 554 
		Item2058 36 88 545 563 
		Item2059 85 66 546 547 
		Item2060 100 94 547 563 
		Item2061 58 86 547 548 
		Item2062 40 30 548 552 
		Item2063 94 91 548 585 
		Item2064 54 98 548 585 
		Item2065 12 89 548 557 
		Item2066 27 76 548 554 
		Item2067 15 68 549 567 
		Item2068 32 86 549 557 
		Item2069 66 41 549 553 
		Item2070 62 13 549 560 
		Item2071 44 53 549 550 
		Item2072 65 74 550 553 
		Item2073 33 90 550 555 
		Item2074 13 91 551 559 
		Item2075 91 45 552 568 
		Item2076 29 60 552 554 
		Item2077 59 58 552 553 
		Item2078 82 73 553 562 
		Item2079 46 77 553 554 
		Item2080 38 63 553 561 
		Item2081 53 18 553 557 
		Item2082 12 66 553 555 
		Item2083 42 61 553 560 
		Item2084 25 64 553 557 
		Item2085 68 27 553 579 
		Item2086 46 60 554 556 
		Item2087 50 62 555 556 
		Item2088 91 27 555 562 
		Item2089 59 35 555 558 
		Item2090 68 17 555 558 
		Item2091 53 69 555 557 
		Item2092 72 59 556 567 
		Item2093 56 16 556 562 
		Item2094 20 84 557 558 
		Item2095 20 61 558 561 
		Item2096 54 60 558 569 
		Item2097 69 62 558 559 
		Item2098 31 19 558 566 
		Item2099 85 38 558 572 
		Item2100 54 20 558 595 
		Item2101 51 26 558 572 
		Item2102 33 41 559 574 
		Item2103 35 40 560 562 
		Item2104 96 12 560 577 
		Item2105 75 92 560 561 
		Item2106 50 36 560 567 
		Item2107 69 72 560 563 
		Item2108 100 80 560 568 
		Item2109 12 63 560 562 
		Item2110 89 70 560 577 
		Item2111 100 18 560 564 
		Item2112 12 68 560 572 
		Item2113 91 84 561 562 
		Item2114 82 33 561 574 
		Item2115 14 25 561 562 
		Item2116 72 37 562 575 
		Item2117 46 52 563 567 
		Item2118 43 59 563 566 
		Item2119 39 48 563 565 
		Item2120 48 94 564 568 
		Item2121 94 55 564 565 
		Item2122 99 100 564 567 
		Item2123 64 78 564 573 
		Item2124 36 33 565 571 
		Item2125 97 41 565 566 
		Item2126 10 74 565 576 
		Item2127 86 37 565 589 
		Item2128 40 10 566 585 
		Item2129 93 82 566 578 
		Item2130 85 55 566 569 
		Item2131 88 60 566 573 
		Item2132 21 45 566 570 
		Item2133 90 63 566 571 
		Item2134 39 62 567 571 
		Item2135 20 95 568 571 
		Item2136 24 42 568 571 
		Item2137 51 26 568 590 
		Item2138 29 57 568 570 
		Item2139 84 51 568 578 
		Item2140 69 37 569 575 
		Item2141 48 14 569 571 
		Item2142 68 48 569 571 
		Item2143 16 30 570 571 
		Item2144 90 19 570 571 
		Item2145 67 77 570 575 
		Item2146 97 56 570 586 
		Item2147 41 30 570 571 
		Item2148 86 75 570 575 
		Item2149 78 41 570 599 
		Item2150 75 21 571 573 
		Item2151 73 19 572 575 
		Item2152 50 75 572 574 
		Item2153 89 24 573 595 
		Item2154 15 72 573 591 
		Item2155 98 66 573 581 
		Item2156 71 43 574 591 
		Item2157 86 57 574 577 
		Item2158 24 69 574 578 
		Item2159 28 28 574 583 
		Item2160 65 41 574 577 
		Item2161 34 96 574 580 
		Item2162 70 22 574 577 
		Item2163 87 27 574 576 
		Item2164 85 10 575 577 
		Item2165 88 62 576 590 
		Item2166 84 30 576 580 
		Item2167 18 49 576 579 
		Item2168 73 71 576 578 
		Item2169 21 20 576 585 
		Item2170 95 57 576 579 
		Item2171 100 39 576 585 
		Item2172 22 37 576 589 
		Item2173 88 90 576 584 
		Item2174 32 48 576 581 
		Item2175 97 21 576 577 
		Item2176 43 76 577 578 
		Item2177 33 32 578 585 
		Item2178 21 57 579 585 
		Item2179 98 55 579 597 
		Item2180 63 18 579 580 
		Item2181 66 71 579 583 
		Item2182 68 99 579 585 
		Item2183 80 82 579 581 
		Item2184 62 30 580 600 
		Item2185 13 78 580 606 
		Item2186 47 34 580 582 
		Item2187 30 91 580 593 
		Item2188 88 17 580 582 
		Item2189 32 56 580 595 
		Item2190 77 15 580 584 
		Item2191 57 69 581 583 
		Item2192 60 36 582 617 
		Item2193 38 59 583 596 
		Item2194 43 12 583 587 
		Item2195 67 78 583 585 
		Item2196 71 30 583 584 
		Item2197 54 13 583 603 
		Item2198 86 99 583 595 
		Item2199 50 18 583 586 
		Item2200 95 70 583 588 
		Item2201 23 32 584 589 
		Item2202 42 55 584 592 
		Item2203 11 98 585 587 
		Item2204 26 24 586 598 
		Item2205 29 11 586 588 
		Item2206 82 30 586 590 
		Item2207 15 15 586 588 
		Item2208 70 51 586 592 
		Item2209 35 100 586 603 
		Item2210 96 39 586 587 
		Item2211 86 60 587 590 
		Item2212 95 80 587 599 
		Item2213 28 50 587 604 
		Item2214 24 78 587 589 
		Item2215 92 73 587 597 
		Item2216 18 48 587 594 
		Item2217 89 80 587 594 
		Item2218 82 84 588 591 
		Item2219 30 42 588 589 
		Item2220 66 90 588 595 
		Item2221 20 43 588 590 
		Item2222 90 65 589 590 
		Item2223 17 69 590 592 
		Item2224 60 72 591 593 
		Item2225 46 10 591 613 
		Item2226 59 36 591 609 
		Item2227 98 99 591 599 
		Item2228 47 46 591 606 
		Item2229 76 98 591 592 
		Item2230 66 39 591 602 
		Item2231 51 16 592 598 
		Item2232 35 30 593 595 
		Item2233 17 92 594 595 
		Item2234 99 46 594 595 
		Item2235 72 19 594 599 
		Item2236 83 30 594 597 
		Item2237 66 59 594 605 
		Item2238 58 45 594 597 
		Item2239 48 29 594 596 
		Item2240 34 14 594 596 
		Item2241 28 36 594 601 
		Item2242 22 97 594 597 
		Item2243 64 31 595 614 
		Item2244 61 22 596 606 
		Item2245 39 73 596 603 
		Item2246 58 88 596 611 
		Item2247 46 98 596 597 
		Item2248 40 14 596 598 
		Item2249 81 60 596 597 
		Item2250 70 52 596 601 
		Item2251 71 69 596 606 
		Item2252 83 14 597 605 
		Item2253 52 100 598 602 
		Item2254 80 89 598 601 
		Item2255 19 65 598 606 
		Item2256 21 49 598 601 
		Item2257 31 77 598 600 
		Item2258 83 95 598 604 
		Item2259 57 72 598 615 
		Item2260 10 99 598 601 
		Item2261 65 33 598 600 
		Item2262 34 91 599 611 
		Item2263 43 58 600 607 
		Item2264 22 22 600 610 
		Item2265 43 73 600 610 
		Item2266 69 50 600 610 
		Item2267 68 53 600 612 
		Item2268 85 81 600 605 
		Item2269 11 43 601 617 
		Item2270 62 62 602 604 
		Item2271 44 93 602 609 
		Item2272 67 41 602 609 
		Item2273 59 67 602 606 
		Item2274 26 69 602 606 
		Item2275 10 27 602 604 
		Item2276 55 44 602 609 
		Item2277 26 39 603 609 
		Item2278 81 12 603 606 
		Item2279 41 11 603 606 
		Item2280 85 99 603 619 
		Item2281 47 62 604 608 
		Item2282 89 18 604 606 
		Item2283 43 54 604 619 
		Item2284 44 92 604 607 
		Item2285 49 49 604 609 
		Item2286 49 41 605 608 
		Item2287 88 64 605 609 
		Item2288 62 35 606 613 
		Item2289 34 34 607 619 
		Item2290 96 17 607 614 
		Item2291 31 56 607 615 
		Item2292 40 22 607 615 
		Item2293 17 93 607 608 
		Item2294 93 31 607 614 
		Item2295 61 84 608 614 
		Item2296 86 35 608 630 
		Item2297 75 90 608 609 
		Item2298 81 60 608 626 
		Item2299 81 83 608 632 
		Item2300 27 26 608 609 
		Item2301 44 38 608 649 
		Item2302 99 39 608 609 
		Item2303 38 27 608 641 
		Item2304 17 27 609 618 
		Item2305 89 45 610 618 
		Item2306 88 36 610 611 
		Item2307 86 100 611 621 
		Item2308 70 15 611 612 
		Item2309 63 34 611 613 
		Item2310 17 78 611 620 
		Item2311 31 82 611 631 
		Item2312 86 98 612 650 
		Item2313 30 49 612 614 
		Item2314 88 94 612 625 
		Item2315 19 71 612 629 
		Item2316 34 75 612 615 
		Item2317 92 56 612 616 
		Item2318 24 73 612 622 
		Item2319 71 78 612 623 
		Item2320 39 20 612 625 
		Item2321 10 99 612 620 
		Item2322 48 85 613 615 
		Item2323 80 24 614 623 
		Item2324 25 37 615 616 
		Item2325 32 91 616 629 
		Item2326 78 99 616 620 
		Item2327 19 95 616 618 
		Item2328 76 50 616 623 
		Item2329 47 23 617 622 
		Item2330 20 90 618 640 
		Item2331 79 71 618 634 
		Item2332 82 74 619 623 
		Item2333 93 53 619 630 
		Item2334 13 30 619 621 
		Item2335 37 44 619 627 
		Item2336 98 49 619 623 
		Item2337 59 25 619 630 
		Item2338 86 22 619 623 
		Item2339 98 61 620 621 
		Item2340 83 34 620 644 
		Item2341 78 57 621 638 
		Item2342 67 63 621 628 
		Item2343 23 67 621 626 
		Item2344 76 100 621 623 
		Item2345 81 47 621 633 
		Item2346 53 14 621 625 
		Item2347 61 76 621 634 
		Item2348 40 91 622 623 
		Item2349 88 27 622 624 
		Item2350 97 57 623 624 
		Item2351 76 48 624 626 
		Item2352 78 74 624 627 
		Item2353 93 47 624 635 
		Item2354 92 29 624 627 
		Item2355 84 36 624 626 
		Item2356 68 70 624 635 
		Item2357 24 22 625 630 
		Item2358 85 65 625 636 
		Item2359 50 35 625 634 
		Item2360 36 50 625 634 
		Item2361 25 76 625 630 
		Item2362 32 57 626 628 
		Item2363 52 91 627 630 
		Item2364 56 83 627 645 
		Item2365 48 78 627 634 
		Item2366 76 83 628 633 
		Item2367 77 70 628 629 
		Item2368 75 86 628 636 
		Item2369 38 40 629 631 
		Item2370 69 19 629 652 
		Item2371 11 54 629 633 
		Item2372 99 47 629 631 
		Item2373 62 95 629 630 
		Item2374 64 30 629 634 
		Item2375 46 72 629 640 
		Item2376 19 81 630 635 
		Item2377 63 98 631 634 
		Item2378 26 60 631 644 
		Item2379 70 61 631 632 
		Item2380 42 74 631 632 
		Item2381 52 60 631 651 
		Item2382 20 37 631 638 
		Item2383 42 86 631 634 
		Item2384 28 94 631 634 
		Item2385 55 96 631 642 
		Item2386 22 39 632 649 
		Item2387 43 66 632 637 
		Item2388 51 76 633 637 
		Item2389 78 56 633 641 
		Item2390 49 84 633 645 
		Item2391 77 89 633 644 
		Item2392 98 28 633 646 
		Item2393 41 26 633 648 
		Item2394 94 65 634 640 
		Item2395 66 29 635 646 
		Item2396 30 79 635 640 
		Item2397 18 16 635 640 
		Item2398 31 69 635 644 
		Item2399 89 20 635 655 
		Item2400 78 31 636 642 
		Item2401 57 45 636 644 
		Item2402 95 44 636 655 
		Item2403 84 54 636 640 
		Item2404 93 92 637 639 
		Item2405 27 65 637 643 
		Item2406 12 19 637 638 
		Item2407 39 23 638 639 
		Item2408 22 30 639 659 
		Item2409 15 68 639 642 
		Item2410 75 51 639 644 
		Item2411 16 74 639 640 
		Item2412 49 54 639 643 
		Item2413 64 44 639 647 
		Item2414 63 74 640 641 
		Item2415 84 99 641 659 
		Item2416 24 60 641 649 
		Item2417 53 14 642 655 
		Item2418 73 29 642 649 
		Item2419 95 90 642 643 
		Item2420 59 73 642 663 
		Item2421 99 21 642 658 
		Item2422 56 18 642 645 
		Item2423 36 12 642 646 
		Item2424 98 52 642 664 
		Item2425 61 99 643 646 
		Item2426 78 16 644 646 
		Item2427 96 25 645 658 
		Item2428 82 85 645 646 
		Item2429 85 56 645 646 
		Item2430 76 45 645 653 
		Item2431 100 19 645 646 
		Item2432 55 63 645 647 
		Item2433 77 74 645 653 
		Item2434 48 12 645 652 
		Item2435 27 33 645 660 
		Item2436 70 100 645 669 
		Item2437 46 44 645 651 
		Item2438 16 94 645 648 
		Item2439 24 36 646 659 
		Item2440 34 99 647 653 
		Item2441 83 97 647 649 
		Item2442 67 80 648 652 
		Item2443 56 90 648 659 
		Item2444 34 71 648 675 
		Item2445 47 78 648 652 
		Item2446 67 31 648 659 
		Item2447 42 34 648 650 
		Item2448 96 53 648 651 
		Item2449 18 26 648 652 
		Item2450 30 14 649 650 
		Item2451 51 89 650 654 
		Item2452 90 100 650 656 
		Item2453 13 86 650 658 
		Item2454 35 15 650 657 
		Item2455 47 12 650 651 
		Item2456 94 17 650 655 
		Item2457 35 55 651 654 
		Item2458 35 15 652 659 
		Item2459 28 58 653 661 
		Item2460 22 38 653 655 
		Item2461 67 84 653 661 
		Item2462 46 64 653 654 
		Item2463 35 82 654 675 
		Item2464 30 58 654 655 
		Item2465 48 75 654 659 
		Item2466 71 99 654 667 
		Item2467 81 56 654 664 
		Item2468 12 12 654 656 
		Item2469 55 31 654 659 
		Item2470 95 32 654 656 
		Item2471 16 38 654 667 
		Item2472 96 18 655 657 
		Item2473 42 21 656 669 
		Item2474 71 79 656 676 
		Item2475 78 89 656 662 
		Item2476 82 47 656 676 
		Item2477 82 67 656 666 
		Item2478 44 53 656 657 
		Item2479 30 89 656 667 
		Item2480 14 49 656 664 
		Item2481 100 81 657 667 
		Item2482 46 81 657 661 
		Item2483 63 17 657 666 
		Item2484 32 91 658 701 
		Item2485 82 64 658 669 
		Item2486 95 35 658 666 
		Item2487 37 92 658 660 
		Item2488 97 88 659 664 
		Item2489 96 39 660 664 
		Item2490 28 78 660 671 
		Item2491 31 18 661 662 
		Item2492 26 74 661 682 
		Item2493 63 23 661 678 
		Item2494 39 85 661 663 
		Item2495 10 36 661 669 
		Item2496 48 12 661 665 
		Item2497 28 14 661 667 
		Item2498 44 63 661 670 
		Item2499 48 94 661 665 
		Item2500 91 44 661 664 
		Item2501 30 22 661 668 
		Item2502 75 59 661 667 
		Item2503 51 44 662 670 
		Item2504 65 39 663 670 
		Item2505 28 85 664 668 
		Item2506 45 36 665 672 
		Item2507 73 47 665 671 
		Item2508 15 31 665 672 
		Item2509 85 87 665 667 
		Item2510 11 18 665 672 
		Item2511 71 92 665 671 
		Item2512 75 48 666 667 
		Item2513 79 42 666 677 
		Item2514 89 72 666 675 
		Item2515 27 43 666 668 
		Item2516 56 68 667 673 
		Item2517 35 50 668 677 
		Item2518 65 43 668 669 
		Item2519 29 89 668 669 
		Item2520 73 71 668 673 
		Item2521 35 83 668 671 
		Item2522 26 12 668 671 
		Item2523 76 49 668 669 
		Item2524 77 24 668 669 
		Item2525 66 42 668 674 
		Item2526 63 77 669 671 
		Item2527 58 93 670 680 
		Item2528 44 91 670 675 
		Item2529 59 95 670 678 
		Item2530 29 71 670 675 
		Item2531 87 31 670 675 
		Item2532 17 32 670 671 
		Item2533 80 23 670 673 
		Item2534 56 53 670 671 
		Item2535 55 73 670 683 
		Item2536 48 43 670 671 
		Item2537 83 51 670 686 
		Item2538 59 71 670 671 
		Item2539 96 20 671 681 
		Item2540 75 36 672 677 
		Item2541 52 50 672 680 
		Item2542 62 62 672 678 
		Item2543 15 69 672 675 
		Item2544 39 19 672 677 
		Item2545 80 38 672 677 
		Item2546 22 66 673 680 
		Item2547 94 47 673 684 
		Item2548 73 73 673 674 
		Item2549 66 30 673 674 
		Item2550 47 92 673 681 
		Item2551 47 39 673 691 
		Item2552 41 31 674 679 
		Item2553 67 42 674 682 
		Item2554 83 24 674 677 
		Item2555 52 42 674 677 
		Item2556 79 25 675 695 
		Item2557 91 38 676 682 
		Item2558 51 73 676 682 
		Item2559 16 81 676 685 
		Item2560 62 86 676 696 
		Item2561 94 12 676 680 
		Item2562 73 54 676 679 
		Item2563 90 21 676 710 
		Item2564 68 19 677 679 
		Item2565 22 96 678 704 
		Item2566 63 67 678 679 
		Item2567 54 50 678 679 
		Item2568 10 32 678 680 
		Item2569 77 42 678 682 
		Item2570 70 82 678 681 
		Item2571 46 66 678 684 
		Item2572 77 96 678 683 
		Item2573 83 40 678 680 
		Item2574 31 56 678 689 
		Item2575 58 31 678 682 
		Item2576 54 43 678 686 
		Item2577 66 16 678 684 
		Item2578 10 80 679 682 
		Item2579 68 84 680 683 
		Item2580 66 46 681 693 
		Item2581 77 90 681 701 
		Item2582 52 38 681 682 
		Item2583 32 34 681 682 
		Item2584 49 62 681 695 
		Item2585 59 56 681 688 
		Item2586 84 13 681 726 
		Item2587 35 58 681 685 
		Item2588 15 97 681 682 
		Item2589 39 23 681 690 
		Item2590 95 60 681 686 
		Item2591 87 23 681 682 
		Item2592 52 87 682 684 
		Item2593 88 69 683 689 
		Item2594 54 14 683 693 
		Item2595 34 37 683 689 
		Item2596 44 21 683 687 
		Item2597 33 82 683 695 
		Item2598 91 69 683 697 
		Item2599 74 92 683 698 
		Item2600 75 68 684 685 
		Item2601 59 17 685 707 
		Item2602 49 84 685 686 
		Item2603 77 82 685 687 
		Item2604 23 65 685 689 
		Item2605 90 59 685 689 
		Item2606 21 54 685 688 
		Item2607 57 93 685 688 
		Item2608 39 98 686 690 
		Item2609 88 24 687 696 
		Item2610 99 26 687 695 
		Item2611 18 49 687 689 
		Item2612 28 95 687 699 
		Item2613 65 59 688 698 
		Item2614 93 42 688 692 
		Item2615 100 96 688 691 
		Item2616 34 40 688 689 
		Item2617 61 72 688 690 
		Item2618 84 94 689 692 
		Item2619 81 64 690 694 
		Item2620 71 88 690 694 
		Item2621 100 78 690 698 
		Item2622 36 70 691 695 
		Item2623 27 27 691 697 
		Item2624 35 66 691 692 
		Item2625 95 34 691 709 
		Item2626 44 41 691 697 
		Item2627 83 53 691 709 
		Item2628 34 83 691 692 
		Item2629 29 44 692 709 
		Item2630 78 95 693 712 
		Item2631 52 24 693 704 
		Item2632 84 55 693 702 
		Item2633 74 15 693 699 
		Item2634 51 78 693 694 
		Item2635 71 28 693 695 
		Item2636 75 60 694 699 
		Item2637 65 10 694 695 
		Item2638 49 25 694 717 
		Item2639 19 94 695 698 
		Item2640 50 92 696 740 
		Item2641 92 96 696 702 
		Item2642 83 12 696 715 
		Item2643 14 88 696 698 
		Item2644 31 84 696 700 
		Item2645 40 99 696 705 
		Item2646 94 61 696 706 
		Item2647 76 67 696 698 
		Item2648 36 43 696 706 
		Item2649 30 46 697 698 
		Item2650 36 82 697 703 
		Item2651 93 37 697 698 
		Item2652 47 25 697 698 
		Item2653 78 96 697 704 
		Item2654 64 73 697 704 
		Item2655 40 24 698 701 
		Item2656 53 15 699 718 
		Item2657 63 44 699 702 
		Item2658 88 69 699 715 
		Item2659 17 41 699 711 
		Item2660 13 45 699 700 
		Item2661 97 86 699 703 
		Item2662 37 23 700 710 
		Item2663 93 64 700 709 
		Item2664 85 56 700 701 
		Item2665 72 87 700 703 
		Item2666 48 81 701 705 
		Item2667 25 75 702 709 
		Item2668 36 25 702 727 
		Item2669 12 62 702 706 
		Item2670 34 14 702 704 
		Item2671 67 40 703 707 
		Item2672 21 85 703 715 
		Item2673 37 100 703 705 
		Item2674 22 32 703 722 
		Item2675 33 94 703 711 
		Item2676 72 23 704 714 
		Item2677 97 22 705 706 
		Item2678 70 54 705 712 
		Item2679 91 51 705 708 
		Item2680 84 71 705 709 
		Item2681 99 10 705 706 
		Item2682 18 77 705 737 
		Item2683 43 50 706 715 
		Item2684 22 38 707 723 
		Item2685 84 93 707 708 
		Item2686 13 27 707 709 
		Item2687 62 24 707 708 
		Item2688 50 14 707 711 
		Item2689 44 50 707 712 
		Item2690 67 88 707 714 
		Item2691 16 72 708 709 
		Item2692 68 28 708 717 
		Item2693 61 15 708 723 
		Item2694 57 96 709 725 
		Item2695 45 28 710 716 
		Item2696 11 73 710 716 
		Item2697 16 75 710 729 
		Item2698 96 95 710 721 
		Item2699 79 91 710 725 
		Item2700 85 70 710 722 
		Item2701 23 33 710 720 
		Item2702 85 66 711 728 
		Item2703 40 61 711 731 
		Item2704 76 75 711 716 
		Item2705 68 71 711 712 
		Item2706 59 96 711 713 
		Item2707 52 27 711 720 
		Item2708 55 58 711 743 
		Item2709 47 21 711 713 
		Item2710 29 79 712 714 
		Item2711 78 73 713 721 
		Item2712 43 86 713 719 
		Item2713 41 10 714 718 
		Item2714 81 85 714 717 
		Item2715 90 58 714 732 
		Item2716 76 55 714 717 
		Item2717 23 46 715 721 
		Item2718 75 84 715 717 
		Item2719 25 58 716 718 
		Item2720 61 38 716 734 
		Item2721 86 91 717 724 
		Item2722 41 26 718 724 
		Item2723 51 15 718 732 
		Item2724 18 56 718 719 
		Item2725 15 12 718 728 
		Item2726 74 75 719 725 
		Item2727 22 33 719 722 
		Item2728 93 69 720 736 
		Item2729 37 29 720 724 
		Item2730 74 36 720 726 
		Item2731 46 48 721 728 
		Item2732 34 49 721 728 
		Item2733 17 19 721 722 
		Item2734 24 69 722 744 
		Item2735 55 63 723 734 
		Item2736 76 33 723 731 
		Item2737 38 49 723 727 
		Item2738 74 33 724 728 
		Item2739 52 43 724 731 
		Item2740 51 99 724 736 
		Item2741 69 83 724 727 
		Item2742 84 88 724 731 
		Item2743 54 56 724 738 
		Item2744 32 88 724 731 
		Item2745 92 84 724 731 
		Item2746 98 23 724 727 
		Item2747 33 49 724 730 
		Item2748 24 25 724 734 
		Item2749 66 52 725 732 
		Item2750 80 21 726 736 
		Item2751 40 44 726 727 
		Item2752 40 67 726 742 
		Item2753 52 26 727 730 
		Item2754 59 61 728 729 
		Item2755 12 30 729 751 
		Item2756 16 80 729 739 
		Item2757 50 70 729 731 
		Item2758 87 39 729 738 
		Item2759 44 14 729 738 
		Item2760 89 47 729 730 
		Item2761 14 79 729 731 
		Item2762 32 89 729 731 
		Item2763 76 13 730 733 
		Item2764 45 86 730 738 
		Item2765 71 94 730 734 
		Item2766 47 59 730 734 
		Item2767 49 83 730 731 
		Item2768 58 46 730 733 
		Item2769 98 87 731 747 
		Item2770 24 41 732 752 
		Item2771 16 26 732 742 
		Item2772 57 18 732 748 
		Item2773 90 14 732 763 
		Item2774 52 54 732 735 
		Item2775 50 16 732 737 
		Item2776 84 54 732 734 
		Item2777 15 100 732 737 
		Item2778 46 86 732 761 
		Item2779 32 86 733 735 
		Item2780 30 65 733 741 
		Item2781 49 14 733 736 
		Item2782 40 64 733 740 
		Item2783 38 95 733 738 
		Item2784 93 10 734 741 
		Item2785 80 75 735 744 
		Item2786 13 23 735 749 
		Item2787 59 10 735 745 
		Item2788 70 35 736 738 
		Item2789 77 91 737 745 
		Item2790 33 13 737 738 
		Item2791 53 78 737 741 
		Item2792 23 71 737 738 
		Item2793 72 86 737 739 
		Item2794 37 88 737 766 
		Item2795 64 58 737 749 
		Item2796 28 21 737 743 
		Item2797 23 80 738 746 
		Item2798 85 14 739 749 
		Item2799 47 31 739 743 
		Item2800 51 94 739 753 
		Item2801 11 25 739 742 
		Item2802 72 18 739 740 
		Item2803 91 51 740 747 
		Item2804 59 15 740 748 
		Item2805 98 97 740 746 
		Item2806 39 13 741 751 
		Item2807 82 65 741 743 
		Item2808 52 68 741 746 
		Item2809 53 94 741 743 
		Item2810 62 93 741 742 
		Item2811 67 44 741 755 
		Item2812 89 24 741 743 
		Item2813 53 22 741 746 
		Item2814 67 97 741 747 
		Item2815 54 47 741 748 
		Item2816 93 22 742 758 
		Item2817 32 98 742 743 
		Item2818 36 16 742 748 
		Item2819 76 90 742 743 
		Item2820 69 39 743 753 
		Item2821 95 77 744 755 
		Item2822 100 67 744 749 
		Item2823 67 52 744 763 
		Item2824 42 41 744 762 
		Item2825 73 98 744 752 
		Item2826 57 27 745 761 
		Item2827 76 59 745 766 
		Item2828 47 76 746 755 
		Item2829 45 60 747 750 
		Item2830 54 62 747 750 
		Item2831 62 33 747 758 
		Item2832 85 68 747 749 
		Item2833 13 99 747 754 
		Item2834 93 70 747 749 
		Item2835 85 75 747 754 
		Item2836 47 30 747 752 
		Item2837 11 54 747 751 
		Item2838 69 38 747 758 
		Item2839 83 46 748 752 
		Item2840 75 100 749 758 
		Item2841 62 99 750 760 
		Item2842 23 50 750 752 
		Item2843 24 81 750 755 
		Item2844 11 20 750 752 
		Item2845 89 61 750 751 
		Item2846 72 64 750 772 
		Item2847 13 97 750 760 
		Item2848 72 85 750 752 
		Item2849 48 51 750 755 
		Item2850 13 43 751 761 
		Item2851 48 73 751 761 
		Item2852 97 33 751 752 
		Item2853 99 11 751 752 
		Item2854 26 69 752 755 
		Item2855 29 61 753 766 
		Item2856 72 23 753 754 
		Item2857 74 50 754 758 
		Item2858 54 20 754 755 
		Item2859 83 79 754 778 
		Item2860 21 90 754 766 
		Item2861 44 23 754 755 
		Item2862 57 84 754 756 
		Item2863 45 97 754 767 
		Item2864 29 43 754 761 
		Item2865 53 75 754 765 
		Item2866 51 19 754 756 
		Item2867 71 83 754 757 
		Item2868 24 96 755 762 
		Item2869 99 46 756 759 
		Item2870 57 73 756 760 
		Item2871 94 56 756 761 
		Item2872 82 58 756 759 
		Item2873 93 78 756 777 
		Item2874 91 56 756 766 
		Item2875 66 74 756 757 
		Item2876 54 77 756 761 
		Item2877 63 46 757 761 
		Item2878 69 32 757 764 
		Item2879 39 88 758 764 
		Item2880 59 16 759 770 
		Item2881 80 66 759 761 
		Item2882 100 17 759 772 
		Item2883 32 28 759 761 
		Item2884 50 46 759 780 
		Item2885 13 87 759 768 
		Item2886 100 74 760 783 
		Item2887 42 13 760 761 
		Item2888 69 99 760 768 
		Item2889 29 88 760 762 
		Item2890 91 71 760 782 
		Item2891 85 94 761 767 
		Item2892 21 96 762 764 
		Item2893 35 75 762 780 
		Item2894 12 38 762 763 
		Item2895 91 62 762 770 
		Item2896 96 11 762 766 
		Item2897 96 89 762 765 
		Item2898 93 63 762 766 
		Item2899 16 41 762 771 
		Item2900 46 61 762 766 
		Item2901 91 85 763 770 
		Item2902 10 91 764 766 
		Item2903 23 28 764 765 
		Item2904 22 96 764 772 
		Item2905 11 71 764 772 
		Item2906 37 25 765 775 
		Item2907 80 91 765 777 
		Item2908 29 63 765 774 
		Item2909 60 63 765 766 
		Item2910 77 53 765 776 
		Item2911 50 34 765 772 
		Item2912 96 53 765 770 
		Item2913 93 82 766 770 
		Item2914 66 41 767 768 
		Item2915 22 96 767 779 
		Item2916 11 100 767 784 
		Item2917 15 21 767 769 
		Item2918 59 32 768 772 
		Item2919 37 34 768 770 
		Item2920 57 79 768 770 
		Item2921 79 66 768 770 
		Item2922 33 87 768 775 
		Item2923 35 69 768 770 
		Item2924 40 33 768 772 
		Item2925 97 97 768 789 
		Item2926 29 64 768 769 
		Item2927 59 34 768 769 
		Item2928 41 32 769 771 
		Item2929 92 89 769 772 
		Item2930 93 25 769 771 
		Item2931 91 16 769 782 
		Item2932 32 42 770 776 
		Item2933 74 74 771 773 
		Item2934 42 54 771 774 
		Item2935 100 74 771 777 
		Item2936 31 21 771 781 
		Item2937 34 24 771 787 
		Item2938 22 65 771 782 
		Item2939 38 23 771 793 
		Item2940 22 76 771 777 
		Item2941 94 100 771 772 
		Item2942 18 85 771 773 
		Item2943 88 45 772 779 
		Item2944 29 20 773 784 
		Item2945 40 66 773 792 
		Item2946 68 22 773 775 
		Item2947 83 83 773 777 
		Item2948 59 59 773 777 
		Item2949 12 83 774 784 
		Item2950 92 96 774 778 
		Item2951 52 41 774 792 
		Item2952 92 28 774 776 
		Item2953 77 21 774 777 
		Item2954 43 71 774 776 
		Item2955 17 78 774 777 
		Item2956 67 24 775 782 
		Item2957 57 14 775 789 
		Item2958 25 45 775 788 
		Item2959 53 41 776 782 
		Item2960 84 13 776 779 
		Item2961 88 12 777 797 
		Item2962 25 85 778 787 
		Item2963 80 64 778 794 
		Item2964 56 78 778 780 
		Item2965 65 91 778 781 
		Item2966 70 99 779 786 
		Item2967 60 29 779 786 
		Item2968 41 95 779 780 
		Item2969 42 61 779 783 
		Item2970 97 75 779 793 
		Item2971 24 15 779 792 
		Item2972 14 69 779 785 
		Item2973 69 70 779 823 
		Item2974 76 83 779 792 
		Item2975 70 42 780 795 
		Item2976 81 65 780 789 
		Item2977 52 49 780 786 
		Item2978 83 75 780 789 
		Item2979 95 38 781 786 
		Item2980 13 30 781 786 
		Item2981 15 82 782 802 
		Item2982 44 43 783 788 
		Item2983 11 60 783 791 
		Item2984 92 20 784 792 
		Item2985 82 89 784 793 
		Item2986 83 54 784 794 
		Item2987 18 85 784 786 
		Item2988 88 90 784 792 
		Item2989 92 88 784 785 
		Item2990 20 15 784 789 
		Item2991 98 91 784 794 
		Item2992 86 32 785 789 
		Item2993 41 13 786 806 
		Item2994 34 75 787 790 
		Item2995 72 80 787 814 
		Item2996 20 87 787 794 
		Item2997 45 48 787 832 
		Item2998 17 98 787 788 
		Item2999 19 97 787 791 
		Item3000 96 28 787 789 
		Item3001 78 54 788 790 
		Item3002 44 79 789 796 
		Item3003 87 39 790 795 
		Item3004 85 63 790 813 
		Item3005 81 61 790 807 
		Item3006 99 19 790 794 
		Item3007 30 61 790 798 
		Item3008 99 87 790 792 
		Item3009 91 63 790 797 
		Item3010 66 93 790 801 
		Item3011 47 39 790 797 
		Item3012 33 55 791 797 
		Item3013 99 19 791 792 
		Item3014 13 11 791 792 
		Item3015 33 15 791 794 
		Item3016 29 47 792 809 
		Item3017 40 35 793 797 
		Item3018 29 15 793 806 
		Item3019 86 74 793 796 
		Item3020 99 90 793 809 
		Item3021 28 36 793 797 
		Item3022 23 46 793 809 
		Item3023 42 31 793 803 
		Item3024 70 61 793 797 
		Item3025 90 21 793 808 
		Item3026 96 86 793 795 
		Item3027 26 35 793 797 
		Item3028 95 32 794 799 
		Item3029 40 32 795 801 
		Item3030 80 16 795 831 
		Item3031 99 12 795 796 
		Item3032 47 78 796 818 
		Item3033 90 42 796 797 
		Item3034 22 82 796 797 
		Item3035 44 67 796 805 
		Item3036 51 12 796 802 
		Item3037 33 60 796 798 
		Item3038 82 39 796 806 
		Item3039 82 16 796 801 
		Item3040 42 70 796 797 
		Item3041 22 82 797 799 
		Item3042 71 18 798 800 
		Item3043 99 45 798 811 
		Item3044 15 61 798 801 
		Item3045 100 69 799 800 
		Item3046 11 64 799 804 
		Item3047 44 17 800 802 
		Item3048 93 82 800 818 
		Item3049 97 93 800 803 
		Item3050 31 69 800 803 
		Item3051 28 10 800 812 
		Item3052 85 54 800 821 
		Item3053 43 39 800 804 
		Item3054 44 80 801 806 
		Item3055 91 49 801 804 
		Item3056 80 88 801 810 
		Item3057 94 93 801 806 
		Item3058 74 45 802 824 
		Item3059 22 74 802 805 
		Item3060 88 22 802 806 
		Item3061 30 37 802 808 
		Item3062 84 85 802 810 
		Item3063 51 79 803 805 
		Item3064 20 40 804 807 
		Item3065 39 64 804 806 
		Item3066 85 85 804 816 
		Item3067 44 81 804 808 
		Item3068 81 14 805 807 
		Item3069 23 64 805 812 
		Item3070 54 93 805 806 
		Item3071 63 17 805 806 
		Item3072 21 99 805 813 
		Item3073 71 38 805 811 
		Item3074 78 14 806 811 
		Item3075 36 44 807 812 
		Item3076 59 83 807 810 
		Item3077 17 44 807 820 
		Item3078 44 68 807 818 
		Item3079 79 88 807 815 
		Item3080 67 35 807 810 
		Item3081 19 27 807 814 
		Item3082 57 44 807 817 
		Item3083 16 50 807 810 
		Item3084 36 88 807 808 
		Item3085 55 94 808 813 
		Item3086 10 100 809 820 
		Item3087 85 84 809 810 
		Item3088 63 11 809 839 
		Item3089 17 82 809 810 
		Item3090 34 45 809 817 
		Item3091 42 86 810 828 
		Item3092 77 88 811 822 
		Item3093 24 58 811 819 
		Item3094 37 82 811 818 
		Item3095 81 39 812 813 
		Item3096 55 82 812 816 
		Item3097 70 70 812 817 
		Item3098 19 94 812 815 
		Item3099 71 49 812 819 
		Item3100 68 27 812 814 
		Item3101 51 74 812 814 
		Item3102 17 58 812 814 
		Item3103 95 84 812 823 
		Item3104 77 53 812 825 
		Item3105 22 70 813 824 
		Item3106 56 16 813 826 
		Item3107 32 84 814 815 
		Item3108 43 62 815 827 
		Item3109 19 42 816 849 
		Item3110 48 81 816 817 
		Item3111 63 49 816 828 
		Item3112 75 54 816 822 
		Item3113 44 48 816 819 
		Item3114 77 22 816 820 
		Item3115 13 75 816 823 
		Item3116 42 57 816 820 
		Item3117 59 16 817 824 
		Item3118 16 46 818 821 
		Item3119 47 61 819 821 
		Item3120 46 90 819 831 
		Item3121 89 28 819 820 
		Item3122 30 97 819 836 
		Item3123 52 41 819 822 
		Item3124 58 73 819 828 
		Item3125 19 90 819 824 
		Item3126 59 66 819 856 
		Item3127 24 88 819 824 
		Item3128 89 13 819 828 
		Item3129 36 12 820 831 
		Item3130 61 26 821 829 
		Item3131 99 30 821 831 
		Item3132 14 76 821 837 
		Item3133 34 91 822 836 
		Item3134 76 76 822 829 
		Item3135 16 63 822 826 
		Item3136 73 18 822 828 
		Item3137 83 36 823 827 
		Item3138 45 23 823 839 
		Item3139 63 63 823 836 
		Item3140 55 27 823 835 
		Item3141 38 43 823 825 
		Item3142 23 48 823 825 
		Item3143 24 30 824 830 
		Item3144 56 48 825 831 
		Item3145 35 29 825 831 
		Item3146 47 23 825 827 
		Item3147 86 53 825 830 
		Item3148 78 77 825 826 
		Item3149 55 71 825 826 
		Item3150 84 76 826 828 
		Item3151 91 81 826 830 
		Item3152 77 25 827 831 
		Item3153 77 67 827 831 
		Item3154 38 19 827 838 
		Item3155 43 100 827 834 
		Item3156 12 15 828 836 
		Item3157 25 38 829 833 
		Item3158 61 85 829 844 
		Item3159 10 62 829 836 
		Item3160 63 86 829 849 
		Item3161 75 16 829 831 
		Item3162 97 76 829 836 
		Item3163 20 100 830 841 
		Item3164 84 96 830 831 
		Item3165 49 98 830 851 
		Item3166 68 17 830 834 
		Item3167 30 42 830 832 
		Item3168 26 62 830 840 
		Item3169 47 67 830 852 
		Item3170 31 44 830 831 
		Item3171 99 31 831 841 
		Item3172 94 91 832 833 
		Item3173 62 44 832 837 
		Item3174 77 37 832 834 
		Item3175 69 34 832 838 
		Item3176 45 81 832 840 
		Item3177 34 94 832 848 
		Item3178 30 53 832 833 
		Item3179 47 56 833 835 
		Item3180 61 84 834 841 
		Item3181 55 72 835 836 
		Item3182 46 56 835 838 
		Item3183 59 79 835 836 
		Item3184 82 83 835 854 
		Item3185 30 56 835 839 
		Item3186 11 97 835 844 
		Item3187 79 44 835 848 
		Item3188 32 39 835 842 
		Item3189 38 78 836 839 
		Item3190 63 100 837 839 
		Item3191 47 80 837 839 
		Item3192 22 10 838 843 
		Item3193 65 43 838 839 
		Item3194 74 63 838 847 
		Item3195 82 35 838 867 
		Item3196 83 27 838 846 
		Item3197 25 95 838 842 
		Item3198 89 29 838 839 
		Item3199 73 64 838 842 
		Item3200 73 80 838 840 
		Item3201 48 23 838 857 
		Item3202 61 85 838 856 
		Item3203 37 64 838 856 
		Item3204 50 27 838 854 
		Item3205 89 58 839 845 
		Item3206 45 10 840 841 
		Item3207 53 85 840 841 
		Item3208 79 55 840 841 
		Item3209 93 19 840 846 
		Item3210 98 23 840 841 
		Item3211 53 59 840 844 
		Item3212 56 14 840 841 
		Item3213 44 20 841 847 
		Item3214 83 44 842 843 
		Item3215 72 74 842 845 
		Item3216 27 56 842 847 
		Item3217 85 38 842 850 
		Item3218 26 57 842 843 
		Item3219 43 44 842 850 
		Item3220 100 69 842 847 
		Item3221 67 31 843 847 
		Item3222 66 77 843 852 
		Item3223 68 61 843 854 
		Item3224 96 53 843 848 
		Item3225 44 35 843 853 
		Item3226 75 84 843 873 
		Item3227 88 95 843 851 
		Item3228 10 78 844 853 
		Item3229 41 75 845 852 
		Item3230 58 67 845 855 
		Item3231 86 42 845 864 
		Item3232 72 58 845 851 
		Item3233 36 31 846 847 
		Item3234 21 65 846 860 
		Item3235 31 40 846 852 
		Item3236 95 25 846 847 
		Item3237 39 60 847 873 
		Item3238 21 93 848 880 
		Item3239 82 27 848 856 
		Item3240 10 43 849 858 
		Item3241 71 28 849 850 
		Item3242 15 34 850 859 
		Item3243 75 34 850 856 
		Item3244 62 85 850 871 
		Item3245 40 83 850 855 
		Item3246 41 87 851 854 
		Item3247 62 82 851 854 
		Item3248 21 29 851 860 
		Item3249 12 48 851 859 
		Item3250 35 10 851 865 
		Item3251 16 51 851 853 
		Item3252 29 55 852 861 
		Item3253 10 66 853 856 
		Item3254 91 67 853 857 
		Item3255 23 24 853 856 
		Item3256 40 99 853 871 
		Item3257 55 38 853 858 
		Item3258 48 64 854 897 
		Item3259 100 62 855 864 
		Item3260 27 16 855 862 
		Item3261 11 44 855 861 
		Item3262 97 96 855 858 
		Item3263 78 79 855 860 
		Item3264 53 66 855 860 
		Item3265 62 52 855 856 
		Item3266 51 82 856 881 
		Item3267 62 12 857 866 
		Item3268 37 44 857 862 
		Item3269 94 59 857 860 
		Item3270 26 89 858 871 
		Item3271 10 49 858 864 
		Item3272 58 29 858 859 
		Item3273 21 53 858 869 
		Item3274 37 94 858 874 
		Item3275 97 32 858 863 
		Item3276 70 49 858 860 
		Item3277 29 89 858 860 
		Item3278 20 46 859 862 
		Item3279 52 33 859 868 
		Item3280 21 84 859 860 
		Item3281 54 44 859 870 
		Item3282 97 39 859 862 
		Item3283 64 56 859 860 
		Item3284 81 19 859 861 
		Item3285 59 96 860 863 
		Item3286 57 27 861 870 
		Item3287 10 87 861 873 
		Item3288 69 37 861 877 
		Item3289 62 84 861 871 
		Item3290 61 91 861 863 
		Item3291 97 90 861 873 
		Item3292 41 41 861 871 
		Item3293 28 79 861 866 
		Item3294 16 86 862 863 
		Item3295 90 30 863 865 
		Item3296 55 14 864 876 
		Item3297 83 32 864 870 
		Item3298 35 46 864 888 
		Item3299 25 62 864 868 
		Item3300 49 19 865 878 
		Item3301 66 48 866 886 
		Item3302 73 34 866 875 
		Item3303 28 80 866 884 
		Item3304 76 77 866 867 
		Item3305 75 70 866 871 
		Item3306 33 30 867 871 
		Item3307 88 42 868 876 
		Item3308 64 35 868 874 
		Item3309 31 17 868 875 
		Item3310 23 84 868 873 
		Item3311 58 32 868 870 
		Item3312 53 99 868 869 
		Item3313 63 60 868 873 
		Item3314 10 74 868 872 
		Item3315 69 27 869 872 
		Item3316 60 94 869 885 
		Item3317 28 16 870 872 
		Item3318 75 18 870 871 
		Item3319 61 80 870 878 
		Item3320 43 38 871 876 
		Item3321 18 44 872 887 
		Item3322 77 91 872 874 
		Item3323 67 70 872 873 
		Item3324 39 10 872 897 
		Item3325 90 88 872 885 
		Item3326 21 70 872 873 
		Item3327 33 88 872 876 
		Item3328 18 46 872 882 
		Item3329 44 14 872 877 
		Item3330 23 54 872 876 
		Item3331 69 55 873 897 
		Item3332 37 60 874 879 
		Item3333 61 21 874 876 
		Item3334 85 80 874 880 
		Item3335 72 50 874 878 
		Item3336 18 97 874 877 
		Item3337 97 12 874 875 
		Item3338 70 26 874 890 
		Item3339 49 31 875 880 
		Item3340 42 59 875 881 
		Item3341 28 57 875 889 
		Item3342 82 61 875 893 
		Item3343 26 11 875 876 
		Item3344 64 56 875 888 
		Item3345 93 56 876 884 
		Item3346 88 22 877 881 
		Item3347 13 20 877 883 
		Item3348 48 22 877 878 
		Item3349 17 11 877 883 
		Item3350 55 78 877 880 
		Item3351 26 13 877 897 
		Item3352 87 99 877 879 
		Item3353 68 50 878 879 
		Item3354 72 62 879 881 
		Item3355 70 61 879 882 
		Item3356 96 41 879 889 
		Item3357 26 72 879 884 
		Item3358 30 26 879 888 
		Item3359 46 83 879 889 
		Item3360 65 73 880 892 
		Item3361 100 34 881 888 
		Item3362 74 34 882 884 
		Item3363 95 72 882 897 
		Item3364 74 25 882 891 
		Item3365 66 68 882 883 
		Item3366 65 87 882 884 
		Item3367 83 79 882 884 
		Item3368 84 71 882 886 
		Item3369 60 12 882 893 
		Item3370 11 89 882 885 
		Item3371 26 54 882 897 
		Item3372 70 75 883 893 
		Item3373 34 24 883 897 
		Item3374 94 32 883 884 
		Item3375 57 74 884 886 
		Item3376 92 49 885 888 
		Item3377 96 64 885 887 
		Item3378 46 71 885 893 
		Item3379 60 20 885 897 
		Item3380 38 26 885 894 
		Item3381 15 84 886 890 
		Item3382 18 95 886 893 
		Item3383 97 12 886 887 
		Item3384 47 96 886 891 
		Item3385 57 41 887 897 
		Item3386 93 11 887 897 
		Item3387 87 31 887 893 
		Item3388 32 67 887 897 
		Item3389 15 21 887 897 
		Item3390 58 95 887 892 
		Item3391 48 35 888 893 
		Item3392 59 66 889 897 
		Item3393 15 37 889 890 
		Item3394 79 73 889 890 
		Item3395 63 68 889 893 
		Item3396 59 26 889 896 
		Item3397 88 86 890 892 
		Item3398 36 35 890 897 
		Item3399 81 74 890 897 
		Item3400 47 66 890 895 
		Item3401 77 26 890 897 
		Item3402 10 41 891 897 
		Item3403 99 12 891 893 
		Item3404 64 17 892 895 
		Item3405 40 91 892 897 
		Item3406 91 48 892 897 
		Item3407 13 60 892 893 
		Item3408 82 50 892 897 
		Item3409 26 38 892 897 
		Item3410 15 63 893 894 
		Item3411 94 84 894 897 
		Item3412 19 37 894 896 
		Item3413 40 25 894 897 
		Item3414 65 26 894 897 
		Item3415 29 80 894 895 
		Item3416 60 14 894 897 
		Item3417 49 72 894 897 
		Item3418 18 45 894 897 
		Item3419 13 48 895 897 
		Item3420 12 31 896 897 
		Item3421 51 13 896 897 
		Item3422 30 48 896 897 
		Item3423 69 65 896 897
	; 

end;
