param n := 1000


param c := 501


set l := 15 83 40 57 98 70 79 71 79 72 49 2 71 93 38 93 98 92 75 27 88 60 54 83 49 16 6 25 28 12 41 19 48 13 36 92 46 1 47 100 12 45 82 73 90 21 41 84 27 23 49 14 45 65 81 12 6 14 94 92 15 93 75 73 49 30 26 78 67 91 40 32 46 89 89 40 13 36 74 58 2 82 9 92 47 24 73 23 29 68 7 2 68 98 67 62 84 31 72 12 18 45 83 35 57 52 17 9 6 58 40 95 41 96 47 82 38 36 43 74 84 81 82 19 73 38 11 55 96 35 60 1 66 17 47 61 38 95 94 70 85 56 24 91 18 6 69 87 46 14 21 8 58 41 6 59 40 5 17 75 18 6 89 10 63 17 53 11 28 64 65 66 80 80 60 95 52 2 33 27 16 23 89 86 80 53 47 23 24 11 13 94 93 96 8 81 13 32 75 36 55 89 25 86 73 100 66 1 83 94 14 38 75 12 78 82 72 35 61 58 33 17 5 100 52 37 16 44 1 3 67 68 27 82 85 69 95 68 77 91 100 5 36 72 67 12 1 90 65 61 85 97 24 97 23 98 42 14 28 10 62 84 36 28 36 5 76 74 30 86 78 29 38 80 8 34 53 36 89 17 43 50 38 54 68 82 74 11 24 26 47 40 84 17 70 15 59 4 75 76 74 72 3 93 85 41 85 43 43 82 21 60 6 75 24 63 25 13 54 75 80 21 86 12 67 90 10 13 19 42 12 96 44 29 6 81 81 98 11 35 67 100 64 89 7 87 63 39 31 84 71 15 5 36 79 88 100 9 43 58 92 64 30 76 3 9 86 40 47 74 42 31 1 85 63 2 77 26 92 46 47 5 18 1 79 86 8 11 50 32 41 98 71 64 25 7 67 13 96 67 54 46 18 65 71 21 84 6 68 44 66 69 43 39 6 55 98 35 40 46 69 30 28 38 99 92 78 29 68 27 2 40 22 37 68 59 91 37 6 94 12 45 53 39 45 27 95 49 75 3 24 67 61 59 9 93 100 7 47 66 55 53 58 25 23 90 95 49 20 48 93 8 62 86 41 4 25 63 94 37 73 23 26 4 79 59 6 31 82 89 46 27 59 11 31 69 45 64 91 53 2 86 93 42 17 2 35 64 5 57 30 93 72 9 29 68 58 55 25 37 5 3 38 99 60 99 74 100 61 64 33 9 98 31 3 3 61 13 85 67 95 71 11 36 1 31 65 87 50 50 22 46 78 24 100 58 26 7 85 99 90 52 76 4 86 15 38 20 94 59 66 46 82 81 33 74 6 37 50 74 91 36 35 6 60 16 27 28 70 2 18 65 5 66 96 38 60 87 94 99 1 93 27 84 74 13 36 27 17 93 85 88 2 17 54 53 92 59 99 50 59 68 8 74 92 69 17 35 31 42 51 2 49 18 73 45 96 81 17 68 82 17 85 9 82 50 50 40 100 14 76 79 5 41 40 26 57 98 12 28 28 97 42 4 86 90 93 78 19 8 83 84 95 8 82 97 87 42 47 97 26 28 38 91 77 74 80 34 87 47 7 72 26 82 14 66 48 46 54 50 99 39 94 15 70 50 60 97 85 49 50 46 29 97 14 42 85 2 82 92 54 91 76 35 53 79 95 26 20 5 81 9 12 68 95 82 2 76 52 4 61 76 82 19 85 65 15 41 99 77 13 18 47 54 11 6 21 51 2 82 33 6 72 19 47 73 45 23 39 36 73 30 85 13 47 66 51 29 69 43 98 68 57 40 69 44 18 52 22 46 97 73 39 4 17 65 42 45 52 28 9 96 23 35 44 34 1 25 37 35 89 56 47 26 51 4 76 86 23 61 37 65 62 28 70 100 19 77 23 97 44 68 61 8 50 32 39 94 17 43 69 46 69 5 28 87 78 8 4 91 33 69 25 19 61 85 47 52 99 5 98 55 97 64 22 2 23 80 55 34 18 56 23 71 23 96 75 35 74 31 42 79 72 28 30 40 40 42 33 27 59 49 53 29 40 22 72 96 89 27 97 8 76 49 89 43 78 87 100 74 23 38 29 62 81 43 13 44 65 38 80 49 53 55 30 46 80 64 8 25 48 97 48 90 11 88 9 7 47 17 69 89 26 7 17 65 19 65 52 60 47 34 56 86 52 57 20 51 77 62 8 69 16 39 81 36 31 59 78 90 25 79 64 15 70 4 46 95 94 66 73 70 86 4 78 27 76 38 27 2 8 2 38 65 94 11 78 52 93 30 

set d := 66 39 67 51 3 36 55 76 28 5 15 94 29 78 36 69 81 1 80 91 65 66 57 23 24 93 24 3 34 56 43 77 98 90 83 26 35 72 31 58 34 91 15 66 70 20 50 98 7 71 9 51 16 65 33 34 37 83 97 47 10 12 1 4 6 7 36 35 16 50 67 75 73 36 20 87 56 64 92 6 17 12 94 53 7 19 22 81 18 47 26 34 50 64 36 24 34 26 93 58 57 87 64 23 48 99 61 39 27 23 59 88 47 14 95 74 71 63 46 81 36 5 99 99 54 9 70 59 78 64 7 64 15 78 37 12 52 28 87 82 1 19 62 84 50 87 88 69 58 89 83 44 69 61 24 31 35 69 41 41 83 20 12 68 33 7 86 44 24 52 92 94 20 34 97 54 29 54 2 46 38 69 56 88 51 72 22 64 88 79 1 20 40 10 62 66 70 71 27 62 20 18 94 37 35 59 8 43 36 27 12 97 26 96 42 56 97 41 68 20 25 23 88 34 97 70 56 79 69 85 61 66 16 86 88 90 86 6 60 9 7 95 78 95 90 5 28 33 40 88 14 34 46 5 24 98 46 81 46 1 87 81 3 68 100 4 23 13 30 36 96 62 63 1 44 63 83 56 26 93 94 17 37 95 28 10 44 80 68 46 37 18 2 71 53 33 81 68 29 87 1 60 80 62 38 69 3 45 36 53 24 90 25 85 24 37 70 41 68 32 54 13 44 62 5 23 27 40 82 91 88 71 89 2 57 51 54 43 66 61 33 89 66 99 80 95 79 82 16 82 37 23 16 83 3 79 40 18 94 21 43 68 31 77 2 10 53 23 47 80 93 56 10 67 9 5 27 67 94 33 30 37 34 36 50 38 98 39 63 19 32 89 21 11 71 69 90 8 18 53 99 23 93 53 84 79 28 50 79 73 41 43 61 91 31 39 33 48 33 57 87 42 11 7 22 85 6 55 27 9 79 2 52 28 60 24 22 97 47 20 3 2 77 15 36 79 16 85 92 29 93 97 35 52 15 23 72 69 50 100 68 40 81 44 21 39 4 61 8 78 75 22 47 89 5 68 35 21 25 40 71 11 45 75 83 63 6 33 43 91 2 47 49 78 86 41 10 49 52 73 42 61 2 45 75 90 17 41 22 86 79 22 35 48 42 92 92 41 38 85 25 63 75 92 63 81 40 100 40 96 81 14 8 70 38 27 4 9 50 19 78 24 49 66 90 39 50 95 68 34 74 44 92 17 67 12 76 31 38 17 46 43 50 63 43 77 38 22 33 67 63 40 98 41 56 57 66 68 91 52 5 4 67 21 35 30 92 38 46 19 61 33 80 63 2 73 94 7 47 73 42 35 92 55 94 52 34 29 42 67 64 44 46 37 47 48 94 33 81 46 45 21 35 7 78 13 68 21 98 99 20 97 63 1 61 4 66 30 41 100 11 21 21 38 16 60 32 6 58 38 14 64 59 2 74 51 29 38 53 96 69 9 1 36 81 69 42 3 91 89 44 6 51 97 99 14 58 57 21 90 69 42 92 5 62 69 73 21 99 93 19 41 45 9 78 44 59 28 60 93 68 3 99 29 24 11 49 40 96 93 98 16 17 56 58 63 73 50 77 30 10 91 77 45 73 92 27 28 45 13 18 57 41 87 43 71 73 64 71 32 74 14 28 12 41 76 80 84 32 89 48 36 30 86 19 82 89 60 9 41 39 80 72 67 74 14 62 51 95 38 85 55 16 86 94 94 34 50 70 96 28 14 100 81 13 24 21 78 78 8 27 57 22 34 31 75 48 99 94 37 65 35 60 24 67 92 64 91 67 39 93 77 95 2 93 61 93 60 80 72 39 37 9 30 61 61 13 86 26 13 27 45 10 39 78 7 18 61 86 18 64 89 64 89 59 80 41 82 25 70 3 89 24 41 64 35 36 67 28 51 20 75 63 44 45 80 45 85 77 76 61 3 33 98 79 43 92 25 38 6 77 15 18 3 65 58 46 57 79 39 64 10 26 18 24 53 95 12 45 24 72 69 4 63 30 10 86 35 44 31 62 8 70 34 34 4 15 78 33 70 7 82 59 79 61 32 13 4 6 66 76 6 44 52 15 93 96 87 50 42 25 44 12 48 7 19 45 67 41 41 80 28 50 82 71 31 84 16 50 85 5 94 28 98 52 57 78 41 54 11 86 27 86 55 97 35 4 14 29 16 91 69 100 6 59 45 71 85 43 90 8 61 36 28 100 49 4 69 58 3 

set s := 1 3 5 7 8 9 9 12 15 15 16 17 19 20 22 26 27 29 30 31 31 32 33 33 33 34 34 34 36 36 37 38 38 39 39 40 40 41 43 43 45 46 46 47 48 50 51 52 52 53 54 55 56 57 60 60 61 62 63 63 64 64 66 68 68 68 69 70 70 70 70 71 72 72 72 72 74 74 75 75 77 80 80 81 82 82 83 84 84 86 86 87 92 92 94 94 95 95 95 96 97 97 98 98 100 100 103 103 104 105 107 107 108 109 110 110 111 111 112 114 115 116 117 118 119 120 121 124 125 125 126 132 133 134 134 134 135 137 139 139 142 142 142 143 143 143 143 143 144 146 146 147 147 148 151 152 153 154 154 155 156 156 156 156 157 158 159 159 159 159 164 165 165 166 167 169 169 169 170 170 172 173 173 177 178 178 178 178 179 182 183 183 184 185 185 191 192 192 193 193 194 195 197 199 199 199 200 201 201 202 203 204 204 207 208 208 210 210 211 212 212 214 215 215 216 216 216 217 217 218 218 218 219 223 224 224 224 225 226 226 226 227 228 228 228 229 229 230 230 231 232 232 233 234 236 236 236 237 238 238 239 239 239 241 241 242 244 244 245 246 246 249 250 255 256 256 257 259 259 259 260 260 260 262 266 267 271 273 273 274 275 275 276 277 278 278 280 280 281 281 282 282 284 285 287 288 290 290 291 291 291 293 294 295 297 297 297 297 298 299 301 301 301 302 303 303 304 304 305 310 310 311 313 313 315 317 319 320 320 321 325 326 328 328 329 330 330 333 334 336 337 337 338 338 339 341 341 342 342 343 345 346 346 347 347 347 347 350 350 350 351 353 354 356 356 356 357 358 359 360 362 362 363 363 374 375 375 376 376 377 381 381 381 382 382 385 386 387 388 389 391 393 394 394 394 394 395 395 398 398 398 398 398 399 401 403 405 405 406 406 409 413 413 414 414 415 416 417 417 418 422 424 424 425 426 427 428 429 429 430 430 431 433 433 435 435 438 438 439 441 442 442 442 442 442 443 444 445 446 446 448 448 448 449 451 451 451 454 454 456 457 458 458 460 461 461 463 465 466 466 467 468 469 470 470 472 472 472 473 475 476 477 478 479 481 482 487 487 488 488 489 489 491 492 492 492 492 492 493 495 498 503 504 504 505 506 506 509 511 511 512 512 512 515 515 516 517 517 518 520 521 522 522 523 523 523 524 524 525 526 526 527 528 531 532 532 533 533 534 535 535 538 539 539 539 539 539 540 541 541 542 544 544 546 546 549 550 550 551 552 552 554 554 554 554 556 557 557 557 559 561 563 564 564 566 566 569 570 571 571 571 572 573 573 576 578 579 581 581 582 582 583 586 589 590 590 591 594 594 595 595 596 596 601 601 601 602 603 604 605 605 606 606 607 608 612 612 613 613 613 614 615 615 617 617 617 619 621 621 622 622 623 628 630 631 631 631 631 631 633 634 634 636 638 640 641 641 641 642 642 644 644 644 647 648 648 649 649 650 650 652 652 653 654 655 655 656 656 656 656 659 660 663 666 669 670 672 673 673 676 676 677 677 678 679 682 683 683 683 683 685 687 689 689 689 690 693 694 694 694 694 695 696 698 700 702 702 702 705 705 708 710 710 710 711 712 712 713 713 713 714 716 718 719 721 721 722 722 722 723 725 726 726 726 726 726 727 728 730 731 731 732 733 734 734 734 735 735 736 737 738 738 740 740 742 744 744 744 747 748 749 751 751 752 752 752 754 754 756 756 758 758 760 760 763 763 767 769 770 770 772 773 775 775 775 777 779 780 780 780 783 785 785 788 794 796 796 796 796 797 798 800 801 802 803 803 804 808 811 811 812 814 816 816 817 818 822 823 824 824 826 826 828 828 828 828 829 829 829 830 830 832 834 835 835 838 838 839 840 840 841 844 844 845 846 846 848 848 852 852 855 855 858 861 861 863 863 863 864 865 865 866 866 868 868 869 870 870 872 875 876 877 877 877 877 878 878 878 880 881 883 884 885 885 886 886 888 888 888 889 890 892 892 892 892 893 893 895 895 896 898 899 899 900 901 902 903 905 905 905 905 908 911 914 915 916 916 917 919 919 919 920 920 922 925 926 926 927 927 928 932 933 934 934 936 938 938 939 942 943 943 944 945 946 946 946 949 952 954 954 955 955 957 963 965 966 966 966 967 967 969 970 970 971 974 974 975 977 978 978 980 980 981 982 982 985 985 985 986 987 989 989 989 991 992 992 994 996 997 997 

set t := 11 57 74 91 101 11 48 34 59 113 17 82 29 90 46 27 50 79 73 114 84 40 107 114 81 47 122 62 54 122 86 110 116 49 40 89 77 59 79 92 133 63 94 116 95 105 101 145 129 120 69 62 100 131 148 111 69 158 74 153 88 162 71 105 102 156 143 82 114 80 132 92 155 114 101 160 143 99 109 150 93 168 108 138 123 182 180 109 85 120 171 100 100 167 171 99 157 136 125 172 105 98 168 193 158 130 155 148 176 183 197 138 143 165 163 139 154 176 122 214 177 124 194 170 158 161 145 140 196 162 140 170 214 214 154 164 192 139 173 236 186 171 195 230 199 193 219 148 178 230 176 196 236 242 213 248 248 196 164 222 223 185 198 175 197 256 204 181 179 188 174 241 216 237 205 249 230 235 246 263 192 205 263 236 228 220 211 276 246 213 229 192 230 245 213 229 227 243 272 290 281 237 275 242 205 296 272 263 255 209 233 223 216 229 294 270 216 270 249 301 275 279 272 253 258 272 256 236 299 250 315 245 319 262 238 234 273 290 298 243 281 278 262 257 283 282 285 259 310 240 332 281 250 240 285 310 284 259 294 243 320 311 311 313 269 262 251 261 303 281 329 320 263 256 291 333 312 351 267 357 315 284 356 279 344 345 300 360 286 346 279 291 298 349 309 376 313 365 318 375 325 363 381 321 339 361 297 337 329 305 322 368 366 366 362 312 344 360 303 374 328 356 325 371 391 363 361 367 355 360 339 355 338 390 362 411 328 357 394 388 397 399 335 427 357 428 423 421 409 434 368 409 372 394 420 411 373 365 358 428 412 393 401 436 438 416 405 365 375 412 406 356 394 423 371 427 428 414 405 440 456 367 377 389 413 422 385 440 384 399 432 402 457 398 423 445 467 398 449 404 491 449 409 398 442 482 421 398 424 428 437 424 460 491 432 437 495 491 429 407 435 462 506 514 449 431 513 515 441 486 498 486 509 483 440 441 478 471 431 512 483 472 533 519 461 508 507 476 460 535 487 446 530 523 525 511 538 517 515 463 546 520 536 542 458 530 531 546 521 543 520 554 501 502 551 543 513 523 473 473 494 489 517 488 498 533 533 557 531 572 550 542 561 537 563 547 503 578 563 490 497 572 585 509 568 530 511 577 564 583 540 582 546 597 556 509 551 510 608 559 513 560 571 540 599 536 592 536 584 583 527 529 602 545 590 528 583 585 587 564 607 611 600 614 550 546 579 557 547 632 591 592 605 594 607 610 625 587 624 571 604 633 596 556 607 585 600 638 626 579 588 581 590 596 575 624 585 648 633 583 609 606 587 567 631 571 581 603 668 609 578 632 627 650 594 658 589 653 633 664 597 642 606 650 666 626 687 687 596 691 691 597 655 646 624 629 666 659 656 626 703 645 639 630 656 710 651 622 692 688 701 678 683 661 665 676 712 649 631 715 680 704 697 655 660 670 710 689 716 659 699 649 689 717 683 642 698 726 692 685 665 672 688 676 675 680 724 716 709 670 722 744 696 715 716 697 690 703 676 722 663 691 719 720 690 709 713 725 750 749 761 695 705 696 763 782 686 774 774 760 714 784 752 737 703 737 757 777 747 785 695 736 757 699 766 767 706 756 745 730 808 711 749 797 775 757 794 752 766 765 731 720 747 793 754 752 809 756 748 823 815 815 730 801 817 746 794 752 752 798 803 781 790 832 792 800 808 824 753 791 742 810 776 745 770 760 801 819 753 811 839 827 768 807 798 830 818 811 848 774 809 839 771 782 860 778 769 770 868 863 827 821 828 860 820 841 855 832 848 845 852 877 846 842 830 849 867 883 847 803 866 807 900 821 884 827 897 885 887 871 899 911 836 848 851 903 825 916 918 886 831 906 857 912 829 911 853 840 915 849 870 920 851 909 911 927 908 895 858 910 882 888 926 875 898 927 936 896 951 911 933 922 860 952 885 882 889 911 890 945 948 955 879 931 869 903 875 952 959 886 928 937 971 947 908 922 908 941 890 916 955 963 942 886 898 902 940 902 986 982 940 974 898 971 916 953 964 956 961 988 902 995 949 901 926 931 922 917 920 918 937 949 940 988 982 987 980 934 923 982 944 947 955 1022 983 993 1022 992 932 977 957 941 963 938 964 1023 978 978 997 1013 1005 1030 1043 1036 968 1034 1029 1002 1038 1049 1005 1007 1020 1051 1038 1018 1010 968 985 970 1067 995 1010 984 1029 1030 1065 1065 1071 1002 1051 992 991 1049 1034 1047 1072 1028 1054 1061 1065 1022 1009 1024 1000 1062 1021 1058 1046 1040 

