param n := 1000


param c := 500


set l := 74 5 92 11 65 95 24 58 86 24 29 50 10 68 91 70 5 13 94 21 63 1 43 90 43 87 65 72 67 46 50 55 82 58 15 33 44 33 40 90 10 96 13 36 80 31 2 44 13 24 84 87 58 40 77 53 36 17 68 22 21 66 59 32 83 63 24 43 97 70 16 37 75 55 83 70 2 5 62 96 86 30 19 80 63 75 76 44 33 85 73 67 52 34 77 5 69 18 17 67 74 11 42 67 21 49 82 26 74 10 39 40 49 55 91 57 90 37 89 86 68 61 82 7 85 61 33 44 24 41 44 20 13 46 57 65 9 39 6 94 44 15 17 40 37 75 41 84 29 38 78 23 60 69 49 91 59 7 2 71 8 31 4 95 65 49 81 65 14 71 67 17 78 38 33 6 38 15 91 83 94 47 57 15 42 75 45 50 98 48 44 93 70 40 82 69 67 7 91 85 60 7 94 84 58 13 70 4 92 50 19 89 12 75 26 71 28 37 22 100 42 13 36 31 37 33 40 71 69 29 38 25 55 95 66 1 15 95 64 49 52 4 81 91 59 54 63 50 56 90 53 41 47 45 37 55 57 92 32 80 77 70 30 3 28 61 43 94 29 85 99 2 89 53 51 56 31 32 66 28 41 90 89 21 22 4 23 55 26 19 21 89 42 1 23 53 17 87 38 2 68 66 44 9 59 22 87 72 73 74 82 97 52 5 34 5 54 34 22 71 89 98 24 44 32 49 54 94 52 100 13 50 13 10 81 36 66 18 64 7 44 94 43 34 3 60 8 44 52 96 42 21 45 59 39 39 36 83 81 26 5 13 46 45 95 33 17 62 31 33 74 81 88 90 61 98 64 22 16 35 38 65 12 47 38 56 52 53 21 61 74 34 2 88 1 10 62 71 65 51 92 44 22 99 34 10 69 65 50 47 45 60 86 69 7 36 65 52 26 47 39 22 25 16 53 71 20 88 46 45 63 16 3 5 34 12 25 84 46 27 98 72 63 85 19 20 19 60 4 99 46 31 26 22 36 94 49 93 1 32 96 54 93 20 72 62 53 24 57 62 24 29 54 83 58 93 77 43 61 39 21 30 42 35 71 1 65 100 66 30 55 20 11 18 26 11 49 70 100 56 38 7 15 94 88 86 35 16 85 49 56 82 28 60 100 2 5 16 51 84 97 79 42 7 71 6 79 85 40 74 16 42 64 67 84 66 83 36 13 3 14 98 16 8 19 25 84 29 84 38 50 84 48 87 10 1 40 69 86 23 36 28 62 36 80 7 46 37 40 2 96 85 56 34 1 89 76 5 44 58 76 91 99 47 81 82 20 26 71 11 33 19 38 10 45 42 45 42 97 84 41 71 36 46 15 18 19 14 62 36 46 19 34 47 89 9 36 76 51 55 91 80 55 23 68 11 53 78 71 68 18 66 56 15 38 50 83 93 31 21 89 35 4 23 61 31 24 87 39 66 63 79 52 16 69 99 32 40 31 82 19 1 7 91 100 86 56 45 1 19 48 100 85 33 89 98 41 46 28 83 100 31 5 6 83 68 77 57 17 87 34 73 99 38 10 87 42 24 92 100 24 72 94 54 67 14 46 89 78 84 6 47 42 99 67 92 66 7 97 63 27 94 70 19 73 62 26 95 96 50 2 62 93 49 14 40 62 11 77 23 25 50 13 15 9 82 99 46 67 49 32 96 51 52 99 76 85 1 68 10 32 99 88 63 30 25 67 28 50 43 97 12 49 34 89 69 26 45 61 23 1 31 31 21 28 6 26 13 93 39 67 72 65 27 36 52 77 60 97 8 28 6 38 84 38 42 22 79 35 30 31 31 33 71 64 16 10 42 9 49 79 72 2 73 32 71 85 28 89 98 96 52 74 20 16 84 60 97 84 60 62 4 39 94 77 39 81 79 69 74 58 20 2 17 40 26 79 17 88 39 6 100 8 14 86 49 100 7 36 72 100 48 15 8 28 21 99 87 53 25 94 89 97 47 38 69 26 22 44 71 47 53 21 77 26 100 75 78 37 97 33 89 5 28 20 75 62 67 14 81 29 14 24 32 32 33 83 45 58 69 74 20 84 83 37 53 25 97 74 6 59 82 71 54 60 98 19 82 53 72 87 43 10 63 43 93 21 30 82 7 51 59 6 69 2 95 46 40 1 45 26 18 50 75 86 59 31 12 71 92 62 97 1 72 49 99 59 46 39 74 94 5 33 5 22 69 21 39 20 67 63 32 95 12 43 35 31 42 12 38 

set d := 32 84 23 88 69 80 10 42 78 73 36 18 44 66 92 39 77 92 10 98 29 60 41 95 21 47 87 44 75 89 28 5 47 86 51 74 13 84 69 84 88 46 40 49 8 55 41 19 78 73 86 21 3 7 25 38 100 91 7 76 93 48 85 30 6 90 71 83 81 73 52 56 78 30 52 38 77 74 98 26 63 61 74 10 25 83 16 47 69 62 87 90 5 95 99 34 85 65 15 97 49 97 92 90 56 52 72 29 55 31 92 54 68 78 98 74 63 30 40 42 21 48 83 90 4 63 93 64 12 93 71 50 77 87 4 99 79 24 12 18 28 91 2 45 13 34 2 36 34 35 72 64 41 83 67 28 72 6 35 56 100 76 40 89 74 59 88 14 53 79 5 50 38 60 56 27 67 56 47 36 37 39 4 100 26 25 64 77 35 27 45 62 76 97 72 14 31 10 60 47 4 92 97 51 36 68 66 74 17 16 44 98 92 64 8 22 59 76 77 20 12 10 64 15 84 89 6 41 92 86 21 98 4 63 55 3 30 27 29 80 100 43 17 99 31 52 45 86 73 59 30 61 28 23 74 34 52 35 23 3 81 89 86 11 75 100 56 66 73 27 24 88 98 76 79 94 7 90 22 65 14 11 64 89 65 55 17 87 25 3 60 83 75 67 55 51 27 3 2 50 3 82 11 90 85 7 88 91 19 54 63 14 16 86 65 38 85 73 45 58 30 41 2 77 1 14 12 33 15 17 35 53 42 51 70 63 12 12 22 46 51 65 45 37 26 54 7 30 71 29 60 16 79 85 84 38 31 16 22 53 47 5 26 50 30 10 30 34 47 84 40 36 71 30 22 90 45 6 14 100 16 59 84 44 32 52 91 96 62 68 35 92 79 80 16 73 53 24 38 11 79 62 19 84 96 73 4 46 51 43 56 69 2 48 88 10 34 41 25 1 32 18 85 45 20 68 75 31 17 100 86 22 42 74 53 30 60 66 51 92 14 87 91 7 23 67 92 67 80 68 4 21 35 34 88 28 25 19 45 87 9 98 22 8 23 92 52 66 81 66 1 36 13 77 90 100 62 32 1 81 46 69 63 34 83 61 42 37 34 28 29 85 69 98 7 64 91 45 44 65 59 12 48 30 81 65 77 19 48 48 33 38 97 25 54 42 30 66 33 20 40 39 4 21 50 25 88 30 99 39 3 86 12 28 31 83 32 91 57 49 27 65 94 38 39 71 46 60 22 61 24 6 14 85 35 71 58 57 93 34 84 100 91 1 74 86 10 82 100 8 20 28 61 53 4 99 70 91 58 20 50 47 68 10 80 8 39 100 15 56 66 21 65 4 51 2 28 11 25 99 32 55 4 10 33 31 33 91 33 18 22 6 22 71 95 28 78 6 43 19 25 66 72 45 10 73 75 98 42 42 69 22 28 84 33 63 36 36 35 29 25 34 26 83 66 65 23 9 32 27 64 20 42 77 22 88 40 53 75 43 1 35 81 24 69 35 45 9 20 50 81 49 20 41 71 34 23 41 51 48 51 97 32 52 40 71 44 74 58 67 44 15 72 62 21 28 54 29 98 82 11 79 91 35 48 23 75 23 20 67 95 25 90 98 61 74 6 39 19 45 16 24 25 70 71 16 30 38 31 1 95 4 60 7 70 56 52 78 40 3 97 24 24 72 21 57 50 98 44 93 5 95 50 82 46 46 34 100 98 42 100 75 60 46 60 68 69 95 97 24 18 69 82 75 85 69 5 22 12 52 43 26 52 99 81 83 15 5 10 6 67 81 42 87 34 25 93 52 28 88 21 28 11 4 84 36 78 81 12 54 9 49 42 17 19 85 75 86 61 86 2 6 97 10 88 26 3 47 53 90 99 19 58 74 69 11 26 40 19 19 68 67 27 83 61 58 55 62 22 99 59 46 90 57 26 33 22 63 9 31 91 70 54 57 84 94 63 67 20 65 9 15 13 23 93 100 72 93 18 89 90 15 69 59 46 98 48 38 8 50 40 13 32 92 46 17 57 73 9 10 59 45 31 50 69 2 56 28 63 19 90 42 97 41 36 83 51 53 2 34 95 27 34 13 26 13 46 3 59 78 12 51 81 28 17 19 78 66 14 77 75 42 98 49 49 37 18 25 39 62 48 40 82 15 17 68 68 64 75 100 81 25 87 58 16 76 83 38 63 29 13 77 59 92 23 51 29 43 61 78 96 14 26 96 49 85 92 33 38 33 35 38 3 15 70 48 4 7 98 3 

set s := 1 1 4 5 5 5 7 10 12 13 14 16 17 17 18 18 19 20 20 21 21 22 24 25 25 25 27 27 28 28 29 29 29 30 30 32 33 33 34 36 36 37 38 39 39 40 41 48 49 49 50 53 53 53 54 54 55 55 57 58 58 59 60 62 63 63 65 67 67 68 68 71 71 72 72 73 73 73 75 78 78 80 80 82 82 82 83 85 86 87 87 88 89 89 91 91 93 95 95 96 97 97 99 102 102 102 103 104 104 105 106 106 106 107 108 108 108 109 110 111 115 117 120 121 121 121 125 125 126 127 127 129 129 130 132 133 133 134 134 135 136 136 136 137 138 138 140 141 143 144 146 146 146 147 148 148 149 149 149 150 150 151 153 153 154 155 156 157 157 159 159 159 161 162 162 164 165 166 166 167 168 168 168 169 169 170 170 171 172 172 173 175 175 176 176 176 178 179 180 181 183 187 187 190 190 191 194 194 194 195 196 196 198 200 201 202 202 203 205 207 209 209 210 211 212 213 213 214 217 218 218 224 224 224 225 225 226 227 229 229 230 231 231 232 233 234 234 235 236 236 239 241 241 242 243 244 246 246 247 251 252 252 253 253 254 254 255 255 256 257 258 258 259 260 261 261 261 261 262 264 265 265 266 269 270 270 271 271 272 273 273 275 275 275 276 277 278 279 279 279 280 281 281 282 283 283 284 286 286 288 290 294 295 296 297 298 299 299 299 301 302 302 302 303 307 308 309 310 312 313 313 313 313 314 314 319 320 323 323 323 325 328 330 332 334 334 335 336 337 338 339 342 342 343 343 345 345 346 348 349 351 353 354 355 357 358 359 360 361 361 363 363 364 365 367 367 368 370 371 371 372 373 377 377 377 377 379 380 381 382 382 382 383 383 385 388 389 389 390 390 390 390 390 393 394 394 395 396 396 396 397 397 399 400 401 404 404 405 406 406 406 407 407 407 409 412 416 417 418 420 420 422 423 424 425 425 425 426 426 426 428 430 430 430 432 433 433 436 437 437 438 438 439 439 440 441 442 443 443 443 445 446 446 446 447 448 450 451 453 453 454 455 457 457 457 459 461 462 463 464 464 464 465 465 465 468 468 468 469 469 470 472 473 473 473 476 480 480 481 481 482 483 483 483 484 486 486 488 489 490 493 494 496 496 496 497 497 497 500 501 503 504 504 506 512 512 515 516 517 518 518 519 519 520 520 521 522 523 523 523 524 524 525 525 526 526 526 528 529 531 532 537 538 538 538 539 539 540 540 541 542 543 546 547 547 548 548 550 550 555 555 555 555 556 557 559 562 563 564 566 566 566 566 568 568 570 573 574 575 576 576 576 577 578 579 581 581 583 584 585 586 586 588 588 591 591 592 592 592 593 593 593 593 594 594 595 598 598 599 600 603 603 604 604 607 608 610 612 614 617 617 617 617 618 618 619 620 620 622 622 623 624 625 627 627 627 629 629 630 631 632 632 633 633 637 637 638 638 640 641 641 642 642 645 645 646 647 648 649 649 649 650 651 652 652 653 655 655 656 656 656 657 659 659 659 660 662 663 664 666 667 667 667 668 669 671 676 679 680 680 682 682 683 684 684 686 687 689 691 692 693 693 695 696 696 696 701 702 702 703 703 703 703 704 706 707 707 708 709 711 714 714 715 716 716 716 717 718 718 719 719 719 721 721 722 722 722 723 725 726 727 727 732 732 732 733 733 733 734 735 736 736 737 738 740 741 742 742 742 743 744 746 746 747 750 751 753 753 753 754 754 755 757 760 761 761 763 763 763 763 764 764 767 767 768 770 770 771 771 775 775 776 776 778 778 782 782 783 784 787 788 789 793 793 794 794 795 795 795 795 796 799 800 801 802 808 809 810 812 812 814 815 816 816 817 817 818 819 821 822 824 824 824 825 825 825 826 831 834 834 834 834 836 836 837 837 838 839 840 843 843 844 845 846 847 847 847 849 850 851 851 851 852 852 853 853 856 856 859 859 859 860 860 861 862 864 866 866 868 871 871 872 873 873 874 874 876 877 878 880 882 885 885 887 889 889 890 891 894 897 897 899 900 901 902 903 906 907 908 908 909 911 911 913 916 916 917 917 918 918 920 920 921 921 923 924 927 928 929 930 933 934 935 936 938 939 939 940 943 946 946 946 947 947 949 949 951 953 954 955 955 957 958 959 959 960 961 961 966 967 970 970 971 972 973 977 978 978 979 980 980 980 982 984 984 986 986 987 988 988 989 989 989 991 991 991 998 998 1000 1000 

set t := 6 10 6 7 10 9 11 15 19 15 19 19 18 18 22 21 25 30 23 22 27 24 25 31 26 27 28 32 30 29 36 31 31 37 39 39 36 42 40 46 41 42 44 44 43 48 51 52 50 58 59 62 56 55 60 63 63 58 64 64 65 65 69 72 70 65 66 77 74 74 69 73 73 78 73 80 81 78 85 88 88 90 82 91 88 91 93 91 92 95 89 98 95 93 100 94 96 96 98 101 102 101 103 112 106 103 107 110 113 113 114 113 114 116 117 110 114 117 117 119 116 124 121 128 122 122 134 130 136 131 133 135 130 134 142 142 139 142 140 140 137 144 143 147 140 148 143 150 152 146 152 151 148 156 151 152 156 154 154 159 158 154 162 154 156 158 160 159 162 167 168 164 171 170 171 172 169 172 171 169 175 169 171 170 179 174 175 176 174 180 176 185 178 181 181 183 181 185 190 191 188 194 194 193 192 197 200 200 203 202 200 200 208 208 205 205 206 209 213 214 218 216 211 220 218 221 218 217 227 224 221 232 227 233 227 234 233 230 230 232 239 241 237 236 234 236 236 237 238 245 248 243 247 247 252 250 256 254 248 252 261 253 258 259 262 262 259 258 263 258 259 259 269 267 266 269 270 264 268 266 270 269 267 274 273 277 281 281 278 276 277 282 280 282 281 284 285 289 288 286 289 290 291 283 290 293 290 295 293 290 294 296 305 303 302 301 303 309 301 310 304 306 306 310 308 317 315 314 320 323 318 315 314 323 320 323 326 326 332 329 329 332 340 333 340 342 345 339 347 342 347 350 350 351 344 346 355 350 353 358 360 356 357 364 358 368 364 361 366 363 369 373 370 371 376 373 378 377 373 378 377 379 387 378 383 384 386 386 387 388 392 384 388 385 386 396 395 397 394 399 394 396 396 396 398 402 396 403 398 400 404 404 401 401 410 411 407 414 412 408 407 408 411 410 415 417 421 425 423 426 422 430 425 432 429 430 435 434 432 433 432 435 433 437 435 441 443 439 447 444 448 447 446 448 449 448 446 448 449 450 452 450 451 455 457 454 452 454 458 463 458 464 465 459 464 468 467 466 467 468 465 469 470 473 469 469 472 477 479 470 480 481 479 474 477 478 485 484 487 485 487 489 489 493 492 489 496 492 490 495 497 503 503 506 500 501 504 500 503 507 512 506 506 515 520 515 522 519 526 521 520 520 529 522 527 525 524 533 529 529 526 534 535 532 528 533 536 531 536 540 537 541 544 548 540 541 544 543 550 545 552 553 551 548 553 550 550 559 559 562 556 559 560 560 566 563 563 564 567 575 569 568 576 577 578 580 575 583 580 577 586 584 582 583 584 587 582 586 594 586 592 589 596 596 601 592 600 597 595 599 602 601 596 600 595 597 603 608 607 609 613 613 605 609 616 613 618 615 615 618 626 621 619 622 620 622 627 621 626 629 632 626 634 628 635 632 636 639 636 641 635 637 643 637 641 646 648 645 647 643 648 647 646 648 652 652 651 658 654 659 655 651 660 657 653 655 665 658 657 662 664 666 662 665 662 662 667 669 666 669 671 675 670 672 675 678 683 680 689 687 683 692 685 693 692 690 692 696 700 701 696 697 696 700 703 706 711 708 708 708 708 712 708 714 716 713 713 712 718 720 717 720 721 726 717 719 720 727 726 725 725 728 723 726 727 731 725 727 735 736 736 729 742 740 737 742 734 740 738 744 737 740 738 740 745 747 752 750 752 752 754 747 752 748 751 760 755 763 762 764 764 758 763 766 764 768 767 771 764 766 766 771 775 770 773 776 772 775 773 779 780 783 777 787 785 783 790 786 792 796 796 798 799 795 799 795 800 797 797 798 799 802 801 809 812 814 816 812 816 818 822 818 821 826 821 822 828 827 824 823 830 832 830 835 826 829 836 841 838 835 836 837 840 846 847 840 847 845 844 848 844 845 855 851 849 856 855 854 856 858 859 857 855 861 859 861 861 857 862 862 864 866 868 869 864 866 873 873 869 876 877 879 883 875 875 880 879 885 885 890 890 894 895 897 893 899 897 893 899 899 906 901 905 904 906 909 909 912 910 915 910 913 912 919 925 919 920 922 926 922 927 930 926 927 930 934 936 938 935 932 937 943 938 940 948 943 947 941 952 953 950 949 953 948 950 950 959 960 960 962 956 966 962 969 968 968 962 967 976 969 979 980 979 980 982 984 979 983 988 986 986 990 990 989 992 988 990 997 993 995 999 991 990 994 994 1000 1003 1005 1010 1008 

